10B	143629	0	0.09551126075147125	0.47534901853825723	0.4525675615269138	0.46252455806630743	0.39428164457503034	0.42212878350322347	0.4285481627006472	0.4338033365206614	0.6356174501441471	0.6206445526454926	0.2744134804052351	0.2895838894410143	0.3471933354473155	0.33824535642686226	0.3355777324656432	0.3235664316082755	0.3014385794681542	0.3164553433102915	0.28720085284645713	0.30281771980767525	0.3011283668648633	0.3328021489133554	0.37812017930527697	0.3718745444291841	0.34921563946588424	0.3554816485654539	0.36980855159101295	0.5450463007239368	0.5606235752750022	0.5519790878033934	0.34908646723656606	0.35052296278287165	0.34126035261797194	0.7735706158869605	0.5680924996605211	0.528873243764198	0.5312651352031841	0.40257779757297857	0.3792395618125377	0.3872972528162927	0.3030708947747293	0.32289543744426763	0.33497723593702927	0.5242714795233473	0.5415962513612887	0.5053871968731664	0.4441115368286458	0.32965010425168434	0.30818177336067687	0.3122657879052176	0.2839536742804915	0.3178033917191907	0.30347561821463387	0.4314544299126907	0.41760633599758257	0.43149308307412493	0.37659114264968013	0.37926179206423327	0.3606421422724064	0.3225820742529411	0.31063072292090127	0.3083554153583247	0.39483270160223766	0.38631393456819235	0.35815138942589253	0.5249558038794943	0.49465069694191416	0.49229468065292775	0.4889143603327139	0.4603708775443314	0.47883657763693965	0.3991535199289327	0.6405895314703478	0.6200258640925509	0.6221675085535179	0.25715333978333454	0.2693742050917243	0.2602035257780524	0.4540946270058401	0.49160161922979306	0.4978606580119453	0.505175749484471	0.47750099329542883	0.5119384374489189	0.4892984538729892	0.4670522846011142	0.4589609199902513	0.3212712942146021	0.305606278706619	0.3262354918496246	0.33555907650520594	0.3216249710272848	0.4997400373808317	0.47680472064598317	0.29797503423427224	0.3085113704957263
10C	143630	0.09551126075147125	0	0.4335266391756348	0.41534296460362446	0.42038963421025055	0.3661509859059493	0.38245451210564935	0.39305467454321236	0.3963176333374851	0.6050245597068105	0.5858343581057565	0.27137348194273264	0.27897862613168334	0.3083099254821257	0.30652952670429884	0.3024919911153624	0.28673228778240845	0.3071433238676501	0.319078742122668	0.2724778828133612	0.27715907066189077	0.2837915329879364	0.2975102644054405	0.3430963591815008	0.337878651280202	0.32727601735827866	0.3350402223654104	0.35470286245643234	0.5045186277186648	0.5216792460899865	0.5166487901048197	0.3238546112866964	0.3258429526123936	0.30857183642047087	0.7493161455383868	0.5323847161436267	0.48875697987869443	0.494632192654652	0.3778740562800274	0.34914813355514684	0.358500661976564	0.28749019009417504	0.2939970617134652	0.30494827249658407	0.4904312251935714	0.5014089505209957	0.4751443924285466	0.4228569345830352	0.29556219909923903	0.2915612970871555	0.29175994003121664	0.2710288407086806	0.3029521276595744	0.2773025393791254	0.40743601087397585	0.379814808134603	0.40404348032324555	0.3545379060064979	0.3567045717667035	0.3392672522078575	0.30367389249216187	0.3132470119521913	0.270900622637816	0.3807394861093421	0.3718094784867378	0.3494531731883713	0.5013888833941275	0.46814285009508105	0.465368438090339	0.46854193176101555	0.42739063246139974	0.4497266548463356	0.3595711297071129	0.5973047156227501	0.5863008679994891	0.591958337055993	0.24797391364855162	0.24027845751836016	0.2439718305469054	0.42305776727897454	0.4621834205949013	0.46690545641729575	0.4691259876077763	0.4503759597241199	0.474261836628512	0.4520674492857339	0.4364156893334795	0.42162093999722394	0.28867060442839665	0.27414247687526433	0.2977275439713192	0.29750295508274227	0.29049182775917143	0.47661022751211296	0.4493366526472043	0.27953246106253143	0.2824104451245532
1213A	143636	0.47534901853825723	0.4335266391756348	0	0.055636925794398655	0.07108224081832246	0.32528281951831045	0.13116524161640708	0.14290043566429142	0.11589162730866524	0.20517206991773296	0.18744514047085586	0.445116631393432	0.4422858220624581	0.42863200561542014	0.38076802487217504	0.38157032027393234	0.3704756799383304	0.4460604794687459	0.48164540451438986	0.45466677502889036	0.3927426793479253	0.38414011161800576	0.38435457819006286	0.311274721389783	0.32350361089057705	0.34009686523653004	0.2982014222251498	0.3067445728521249	0.13769785452900163	0.14746982969250372	0.15470403487300083	0.3238424224316582	0.340191037537576	0.3483390829014504	0.7528517110266161	0.16116088258139152	0.11580171389570007	0.1321606237569964	0.2790827912513688	0.2863136449728629	0.2880469149560213	0.38629574930976157	0.38372980403800927	0.37306371553719203	0.1286337709124855	0.12945384644789945	0.12278159051407345	0.26733969193174756	0.42569816384671905	0.4161480093002855	0.43515095994146274	0.40850843614401194	0.41801890846583584	0.44536560920008283	0.16230754412222337	0.19265485620561426	0.19020159356623026	0.32307906171280604	0.32747324011434037	0.32961778570899786	0.43888562060382763	0.45126755547641834	0.41227979736324044	0.24226494287322267	0.24546352734170246	0.2273656904904447	0.1372535419812657	0.13476448843439903	0.11398389208510273	0.11568375835941745	0.0847653463390657	0.10067015739784076	0.33247505632442875	0.21837319623798385	0.18239027387786919	0.1875424227573909	0.3170406295818428	0.348956160148282	0.3326983894961713	0.13050044441834585	0.10244368606496032	0.10500321639764058	0.07166667880615425	0.08178183071832808	0.07748540299886374	0.14417455029017032	0.1593732097554611	0.16083783797133824	0.3725812177432915	0.37989551092934437	0.3614970758730267	0.3807408863571944	0.36031513136918564	0.2213064881907185	0.12829548975125174	0.4231628364431844	0.4078518120767552
1213B	143637	0.4525675615269138	0.41534296460362446	0.055636925794398655	0	0.06935902365769309	0.3057928689397516	0.10655157129635133	0.12332097078513359	0.10724276117786093	0.2135719747534313	0.2041017342667183	0.43230882255181285	0.4262329537004921	0.41144408150125567	0.3705138066677052	0.36966535745036033	0.3613833624849904	0.4314653067938375	0.4664099751516642	0.4358427121117976	0.3827177700051118	0.3737925946684432	0.37284508068925015	0.2941361130181945	0.31092184232822345	0.3253551163734817	0.2734098416941397	0.29023347495919505	0.1571691067663261	0.1670544092558854	0.169364935951323	0.3008705299315605	0.32186494955572714	0.32804395194533903	0.752851711026616	0.1780271844506461	0.13537066522856747	0.15246062234586397	0.2638147162029057	0.2628293692654779	0.26626542477870563	0.3705817688594684	0.3688211261389914	0.361536150278472	0.1352225779091083	0.14995858610731796	0.12428282050232592	0.27526672051719886	0.4128338458939134	0.4003668625912086	0.417343047483407	0.3924510262494782	0.40358778625954195	0.43546028687953764	0.16849455929990012	0.19696160474263577	0.19920992061975024	0.30730818019670464	0.3123901463980227	0.3139598417502747	0.4191883672753169	0.4401841047531126	0.3965460903807174	0.2528591629741665	0.2588091343350083	0.2335661035409433	0.13652683523093206	0.13864898825790337	0.11999017894983947	0.12515330363555227	0.08679513970552562	0.10325485518420914	0.3156167607170565	0.23694144852553636	0.19066133452147374	0.19944662877323574	0.3103347999331346	0.3346079497774621	0.32090022093571813	0.1267198514578149	0.12169432667103304	0.11284821367758698	0.08013376390122537	0.08906730966421601	0.10244179488605225	0.14185641795732792	0.16014583787367911	0.1583717980817387	0.351487639583311	0.3657284960957327	0.3439025386394656	0.3642313757747541	0.33953820774541627	0.21398182664856	0.1282033294583188	0.41135858053252505	0.3963914122442755
1213C	143638	0.46252455806630743	0.42038963421025055	0.07108224081832246	0.06935902365769309	0	0.3145806532584481	0.14246305418719213	0.14116204960239973	0.11837805781689019	0.21699625238645212	0.20279772872560448	0.42977855099034495	0.41935595856971486	0.4195999170016061	0.3603140394088671	0.36335945028700717	0.3663323345690924	0.4270347182697782	0.45622842118948903	0.44184767349855775	0.37661442782177246	0.3727209534014741	0.3591511936339522	0.3080245906690301	0.30643994739918173	0.32486647490657117	0.28128231046052116	0.270113336625435	0.16443917751633938	0.16322012804129343	0.17246717085487026	0.3113066634479742	0.32447850887956475	0.3365255750536875	0.7528517110266159	0.18146598969422856	0.14355036444285937	0.14791861454946342	0.2713220542666456	0.2669903437464102	0.28178017079288875	0.376186193681954	0.3750308428632677	0.3676802792272581	0.14964774056833532	0.15126908686419255	0.14943088012241443	0.2760226999082705	0.3960850482397521	0.4093392097830472	0.4102100252962322	0.39651426323774575	0.39648730579765074	0.4372741420819211	0.18141838896992044	0.2058321640659325	0.2089227058252679	0.31225806857159616	0.31180538595791074	0.31420294134754345	0.40046933788448863	0.4400977371302966	0.3922001540934113	0.2558019105043449	0.2569534434728725	0.23912701638531306	0.1574348696660542	0.15639231095124567	0.13670679696178828	0.12536568989496907	0.11519968551527583	0.11895794757130047	0.3217099161118783	0.2341302350984335	0.21721181918243643	0.22072452504572976	0.31869855109250983	0.34696501628120563	0.3297999347481965	0.15253801670593276	0.13211936558558043	0.13951807310385397	0.07834232784554235	0.0808368860567532	0.09154616240266959	0.15792478922246508	0.18290201146400165	0.18784893267651886	0.33153987522367845	0.3646857210979644	0.34260812840390187	0.346856257788026	0.34069182968544826	0.2300248744086231	0.14014778325123153	0.4044345431423318	0.3916538742243531
121C	143639	0.39428164457503034	0.3661509859059493	0.32528281951831045	0.3057928689397516	0.3145806532584481	0	0.29820689655172417	0.31614804567655524	0.2932043777042504	0.45513973120409584	0.4638116538977141	0.28471878931030403	0.2804996676079706	0.25753947355346446	0.22448167164955157	0.2074629868974004	0.21684943200472775	0.2984114497424316	0.26489157031585636	0.286421240223095	0.23261834387547345	0.21991070472531643	0.22652857794522638	0.2465422777145053	0.2677318363381194	0.26348048537353824	0.22758497161707852	0.17561864419977258	0.40042052124138555	0.4054249294457278	0.4011750869095375	0.2607114639927429	0.2699243872425722	0.2628328491974856	0.7604562737642583	0.4163910925766041	0.4025016572037929	0.4007596398477111	0.24882981045818775	0.22652966719963646	0.23493199300275897	0.23194538050442817	0.23461325248045609	0.20675914397062056	0.38146600699922734	0.393761946566549	0.37806973394192894	0.29757677417961453	0.25974728045558365	0.25254404421333854	0.25854124142340706	0.25345716984330724	0.23867711905928468	0.2770791347981151	0.3474963404324241	0.3843227804524309	0.37460852682156054	0.2574023250710498	0.2610579255847626	0.2636302454244452	0.2589003603848883	0.24939731519780747	0.25654635527246983	0.3124229093640239	0.30487529673551567	0.28304076717198673	0.4150419377837995	0.38834974919710846	0.3920821573744899	0.3693913166730155	0.3521874718723362	0.34370059176943585	0.2418116888308504	0.48915959334718173	0.47036631510788457	0.46836779140987084	0.26981207201637447	0.2848660569701269	0.2790751571524548	0.3460299877358864	0.3524065493065162	0.3534660260809884	0.3563035079282515	0.32552250725569254	0.3638692444839174	0.37097996885325596	0.38448666738637594	0.38333105783138727	0.1993706506105895	0.2289773133901095	0.21038583650216747	0.2006915270060683	0.19685823352298976	0.39525130857034746	0.3221559768923123	0.2710284875104143	0.251247580730458
1221A	143640	0.42212878350322347	0.38245451210564935	0.13116524161640708	0.10655157129635133	0.14246305418719213	0.29820689655172417	0	0.042156814996898634	0.04676139405481784	0.2748054776439532	0.26885872222013313	0.36832941793473656	0.3666307791688457	0.34904857711549847	0.3073012843068262	0.3085051884750213	0.29935229292570203	0.36726363511471355	0.4184576802507836	0.3769505092013578	0.3220094197775499	0.31437300402269575	0.3109602122015914	0.31688422014158485	0.30650146113383997	0.3084869633065303	0.27178099825241886	0.3046157996796222	0.23227575639493028	0.23753224276562523	0.24469133401237633	0.2825406347362307	0.2901157246407172	0.29257705471706646	0.752851711026616	0.24997306388822393	0.2025969730067093	0.2233934420891537	0.3016063681868743	0.3029442315879097	0.2962893364666015	0.301027390924508	0.3051793960923624	0.3039647628549875	0.2263979753242645	0.22756760036404095	0.20543330514579225	0.3507780690044918	0.35413337903186926	0.3410909090909091	0.3572117560910665	0.3359823184551125	0.34012201591511937	0.375919723024792	0.23225274513581198	0.22948685459982707	0.2423179346686609	0.3074603030258584	0.3222875370053788	0.2802646705711631	0.36101842442108534	0.3828394010166231	0.3343067574493009	0.32097571373021555	0.3251671291517109	0.30107466687172496	0.21769302778882033	0.2179804617084375	0.18649891477770908	0.18714018512301564	0.1282356178519219	0.17200668460096197	0.26913288125811574	0.3075733968868698	0.26560619302067984	0.27106493184121794	0.24920879045198793	0.28247689553124966	0.264883751092565	0.17725165988434352	0.18279062615678118	0.1706495633446146	0.1494924463808157	0.13905065204400854	0.1644449388209121	0.16774055404380608	0.18804279216324044	0.17098726312519422	0.2855918169947284	0.31159920126367224	0.28106970887631416	0.3003595011005135	0.27769675579382275	0.28139842949812227	0.21894226142742582	0.34876584843688524	0.3367102689759282
1221B	143641	0.4285481627006472	0.39305467454321236	0.14290043566429142	0.12332097078513359	0.14116204960239973	0.31614804567655524	0.042156814996898634	0	0.052326785112631294	0.26458118829871	0.2589669409779159	0.3681558898108784	0.36541853453629786	0.346606682388548	0.3079809038872045	0.3142985006080731	0.302401491788979	0.36302226138749466	0.4187814184483072	0.37524966084786304	0.3250251107982108	0.3146389416734573	0.311611180521562	0.3235525102470319	0.3131697512392868	0.30791079569413393	0.274311357323383	0.30444414400179814	0.23179388420233413	0.23491688289059942	0.24296053385615865	0.2818600769471705	0.2935730978861399	0.2918964969280063	0.752851711026616	0.24904794927848617	0.20181206495820284	0.20989280674702854	0.31057655111646	0.30978954131173625	0.3042498332495115	0.3031890810994359	0.303379274681296	0.30345354332115454	0.22723383187966428	0.2246841629855105	0.20575731831216368	0.3574463591099387	0.35587917316394857	0.3428400868068152	0.3592918427611965	0.3372037689159608	0.32747040434582075	0.3757622301960889	0.2420860247153025	0.22926187309570026	0.2536833301512003	0.3141285931313053	0.3289558271108258	0.28507052418177964	0.35616225853180744	0.39210247617126437	0.3347124563808134	0.3263836916741107	0.3311688573085305	0.2996069945087049	0.21744274116003984	0.2203222022867273	0.18355013567445239	0.18711169836705988	0.1297984773797241	0.17892760224468165	0.2697476438301941	0.30843080854664207	0.2678775392237626	0.27416855070025303	0.2446729808115407	0.28176686800316236	0.25579022543161467	0.16793814475649774	0.18985828880388578	0.17471193992383025	0.14146022151984278	0.13812436289500507	0.14380354130891582	0.16768682887561814	0.18538562108189235	0.16655811316841898	0.28624278531469904	0.30956285553220925	0.28172067719628474	0.30372088426470606	0.27987946591673135	0.28271581322022943	0.22689137474241983	0.35016666168782146	0.3394893663731044
1221C	143642	0.4338033365206614	0.3963176333374851	0.11589162730866524	0.10724276117786093	0.11837805781689019	0.2932043777042504	0.04676139405481784	0.052326785112631294	0	0.2654229803899601	0.24922236103042747	0.37751508420061114	0.3706336082775238	0.35775895785131484	0.3128558053407161	0.31679391004835633	0.30865845562864563	0.37722631151815905	0.42495198870866974	0.38804452608938195	0.32854588230728715	0.3214719187120032	0.31746895998131286	0.3068493538078676	0.30578480421550314	0.31373712434044965	0.2535179441262886	0.289524761335216	0.20193241373198242	0.21012088566985704	0.21408326427001953	0.2842985971904834	0.2960116181294527	0.29840730019498934	0.752851711026616	0.23129962199892073	0.18762733082347408	0.20698236473610554	0.28686414194697823	0.2882020053480137	0.2815471102267054	0.317891645257721	0.31472861768866306	0.3176695088706691	0.20587393616924668	0.209424867149479	0.19259845916239407	0.33603584276459575	0.3603416695419643	0.350475485318957	0.36282448548610435	0.3424012230121042	0.34363744934119084	0.390016913676094	0.20969913910654236	0.23247967912150488	0.22141604893424968	0.29271807678596234	0.3075453107654828	0.28616056405989854	0.36203495051792484	0.4001520008030997	0.34575354437947325	0.30534040332425694	0.3121589202578116	0.2808987433928984	0.20992200627709331	0.21561339406849314	0.18541671993431552	0.18282971987832705	0.12343071226658897	0.17020659856663822	0.27467996264234096	0.29329682131410656	0.2539628350269884	0.2568923985627919	0.25304151688272725	0.2892324774979179	0.26985347231428175	0.15971506665675997	0.16185811784274085	0.15513490747661868	0.13544707202040113	0.11061881007661728	0.14092043236755208	0.15897510698468317	0.1786252781266898	0.16610683053842232	0.29212214207512954	0.3207198956939433	0.2875216796331094	0.31097390922924467	0.28513864238425113	0.26589034571566095	0.20323089489603244	0.3564163342146124	0.343071182675145
1255B	143650	0.6356174501441471	0.6050245597068105	0.20517206991773296	0.2135719747534313	0.21699625238645212	0.45513973120409584	0.2748054776439532	0.26458118829871	0.2654229803899601	0	0.09612685426265181	0.6038724839181583	0.5918741383504986	0.5815188588404783	0.5327818328288253	0.5304377147441673	0.5285700192374094	0.5926723727101164	0.6220095693779902	0.6126360413516125	0.5526004915946708	0.5430024837483883	0.5271699262624852	0.4502589506075041	0.4574294461114265	0.4807604978963607	0.42836421596749485	0.4101847194113311	0.1416995589215067	0.1377425501197691	0.1348576347287315	0.45620141122680014	0.46919834657891824	0.48047838521453695	0.752851711026616	0.13171442906265898	0.16101669228604215	0.1241217904405619	0.4116725671399906	0.4164477786310146	0.41505742606403007	0.5281198525374539	0.5324245540380907	0.53212697490824	0.17677255412648948	0.16216494314966304	0.1889148186294322	0.3783777754643744	0.5714935378090004	0.5678241508361365	0.5777177125861336	0.5621112927496758	0.5484431358115568	0.6001723987157545	0.3066611424447356	0.34462838522154515	0.32897985465561685	0.45652872950327555	0.45527877900753866	0.4707971729339864	0.5743564351106829	0.6046245639451762	0.5596663923851318	0.32936318940187737	0.32306769395336743	0.3507318790764743	0.17675235453317706	0.17994222871297513	0.17640922952346572	0.19759634260768877	0.21335417437268075	0.20856097367855486	0.45445536625893385	0.13549040478675584	0.13254838311965778	0.13208195681437876	0.4742891053004263	0.5073520987883163	0.47894358657365926	0.24003982287735154	0.23828817972413963	0.21698745209564127	0.18066931581650586	0.19346775334221014	0.177742981045462	0.213531447105356	0.2336229298374899	0.2328050703731285	0.5036874987417542	0.5354612862004936	0.5055435453008797	0.5189577748368341	0.5113222940048068	0.23707897105500023	0.22869144319572715	0.5756505158552331	0.55992005225289
1255C	143651	0.6206445526454926	0.5858343581057565	0.18744514047085586	0.2041017342667183	0.20279772872560448	0.4638116538977141	0.26885872222013313	0.2589669409779159	0.24922236103042747	0.09612685426265181	0	0.5915476863255679	0.5792132355730835	0.5738860524977161	0.5201209300514099	0.5265009122939058	0.5206286748586268	0.5844372419446172	0.6180727669277287	0.5999751385741974	0.5401297908313182	0.5303415809709728	0.5188710736486468	0.4463221481572425	0.45578283551743887	0.4718409921676387	0.4317149084791731	0.4166077860995646	0.11189690489523371	0.11172630950342684	0.10685185685780554	0.44790255861296174	0.4652615441286567	0.4772923532039945	0.752851711026616	0.10122522291359298	0.12379143084127366	0.11490748149269439	0.4068592909030148	0.4146920012625414	0.42097786983573415	0.5198209999236153	0.524125701424252	0.5238281222944015	0.14551867155340786	0.13215551582948773	0.14246417205732467	0.37949713166544596	0.5631946851951618	0.5595252982222977	0.5742911668484187	0.5494503899722604	0.5488994211894975	0.5875114959383394	0.2630323181195875	0.3097125089811529	0.2870998599175419	0.45284750868212187	0.45220073870027244	0.4720734034127132	0.5664311045088831	0.6115928869038567	0.553664330515597	0.3185825432064166	0.3099803611899736	0.3434426636715499	0.13393026965142935	0.15936240876382216	0.15436570944909342	0.18669832540348208	0.1994096909670571	0.21295479915749532	0.4608784329471671	0.09693667254711226	0.08974248429765873	0.08872549372350175	0.4659902526865877	0.49394159699503226	0.47064473395982087	0.2149495045279978	0.20950763043601592	0.19508348745461496	0.15850070488445436	0.17589433700505905	0.16080350688861225	0.22800882003157263	0.23217831688188945	0.22978071517160753	0.5019317213732811	0.528560212409599	0.4948273818919267	0.5106589222229957	0.49938346234954545	0.2086172085038384	0.2148309705561614	0.5629896130778177	0.5472591494754745
1261A	143652	0.2744134804052351	0.27137348194273264	0.445116631393432	0.43230882255181285	0.42977855099034495	0.28471878931030403	0.36832941793473656	0.3681558898108784	0.37751508420061114	0.6038724839181583	0.5915476863255679	0	0.04550738419123258	0.11109242401456287	0.09209249289069239	0.1023623823354123	0.11334026613663772	0.10063763435781961	0.15529600665350043	0.0673871802508509	0.08470166096872371	0.09023493566338477	0.10285298656179195	0.31619599383748326	0.3074327398034035	0.2945871860011042	0.2550861353720543	0.2842228564522576	0.5166027069851203	0.5355230912563619	0.5245424913881875	0.29459621183033213	0.2811787479892695	0.2710391712534658	0.7662715276224558	0.549032342313682	0.4938526917055212	0.4950890103022543	0.36149890242494653	0.33557285343529203	0.35481650981539153	0.13495698892115138	0.10736838508914562	0.14985446081048934	0.5044672303172033	0.5210373881162692	0.4803199385036803	0.36286327087710823	0.08215401638048506	0.05863179473840919	0.07192285505302726	0.08655781704316709	0.11874610739294253	0.05685186010029665	0.4059931420454368	0.3935007749167283	0.4056886169184522	0.3019591923793404	0.3087645033139807	0.2732597119134154	0.10107154744775666	0.11042611036507069	0.1088721006635037	0.40130186980349153	0.40517685734629294	0.38249712190749785	0.4939706063263448	0.4733196281224742	0.4649516605974176	0.4611417918410377	0.431013255647878	0.4529554264334432	0.2737043653708839	0.6122090058337715	0.5912773718507386	0.5980068915762812	0.203059398345336	0.2070611149230804	0.21595413439043504	0.4209663101477986	0.4502813895069446	0.4548148082195839	0.47545162645489036	0.4417559212147783	0.4793516129264999	0.45116219720417583	0.4355973244096443	0.424015551812311	0.13252382582094427	0.11358921713290315	0.14068588664909304	0.12034886764348972	0.1241557620937431	0.5112905833191237	0.47870904485235605	0.05879249304456022	0.06113473612589836
1261B	143653	0.2895838894410143	0.27897862613168334	0.4422858220624581	0.4262329537004921	0.41935595856971486	0.2804996676079706	0.3666307791688457	0.36541853453629786	0.3706336082775238	0.5918741383504986	0.5792132355730835	0.04550738419123258	0	0.08867180378562155	0.09047270112326822	0.09812385443911283	0.11937748880325924	0.1050551288749255	0.15609178022345988	0.06017966009253393	0.07711422626810813	0.09490248454571934	0.09400213432020009	0.3090842495170466	0.2984054415700268	0.29106801135513044	0.2470539944800301	0.282553779916203	0.5013295821564631	0.5223587473097557	0.5159191316623009	0.28258268637305634	0.27623292430057783	0.25439647045102703	0.7617662122697347	0.5351385855509642	0.4862158463879618	0.4918164595721309	0.3571571681390464	0.3273463703899491	0.3499096589635659	0.12318014972261031	0.10071000423055408	0.14755703176101084	0.49559293844417707	0.5080045658158518	0.47445198226249596	0.35613834275345013	0.06440758319445829	0.063057849049847	0.07177919604324602	0.0842788481805791	0.10929389967748579	0.04909336104021939	0.4016181165817253	0.39362607442345127	0.40370376932692636	0.30456980934337735	0.30734197204732777	0.2726479833568435	0.09789949316103552	0.11062120829794117	0.11070580117211598	0.40889586784536747	0.4027071505240275	0.38461279196230325	0.48765914192987003	0.4575507744981971	0.4526639296257472	0.4541447321894941	0.41990541042576435	0.4360921838193271	0.2625334522747547	0.5942119456491652	0.5816859600106178	0.5888628607909107	0.2138552859181802	0.2160202766804016	0.22220290113006508	0.41625434256237503	0.43105225589691865	0.447418809928629	0.4694617900683912	0.43289475957555734	0.4678420950522658	0.44491900481574265	0.4258154597990924	0.4158034684227431	0.13239619003769673	0.11077273116283232	0.13824836648504946	0.11613717699706654	0.12657806352951817	0.49833158159705354	0.4731271912536565	0.05253008900015124	0.062345478914606324
1261C	143654	0.3471933354473155	0.3083099254821257	0.42863200561542014	0.41144408150125567	0.4195999170016061	0.25753947355346446	0.34904857711549847	0.346606682388548	0.35775895785131484	0.5815188588404783	0.5738860524977161	0.11109242401456287	0.08867180378562155	0	0.12325089942373203	0.12004076760883317	0.14199221577110513	0.1378956353473262	0.16831289087340612	0.08178243191903842	0.10973933037598713	0.12997990118280225	0.13571094567920647	0.32821061186818334	0.3109548110737988	0.3112790256424839	0.26475020681915046	0.28432232643828975	0.500885509467496	0.5169104690552414	0.5131528520751932	0.3083634157004872	0.3082380014520143	0.2771631285015284	0.7604562737642585	0.535997428205495	0.4880814056091655	0.4956571633970173	0.36493704707865743	0.34339648483058666	0.353981535687283	0.15044837262939098	0.1350107929716833	0.14581298848284205	0.5028871491251087	0.5123711576029024	0.47816939925553414	0.3794727262388036	0.09681969201426854	0.09915284820213689	0.1084484306013167	0.12154928348138812	0.14119404776191044	0.08897317677658445	0.41967872511856746	0.3979758943748626	0.4230134183073039	0.33064530577820306	0.3433141799674405	0.3026258925016402	0.11588333049632442	0.1183876040300576	0.13299559583232584	0.42516326575379587	0.42346824880960077	0.4008127830688251	0.49389869979328743	0.470097050087737	0.46473049418016715	0.466379461854413	0.41907192497176204	0.44311212164798647	0.26379415009236357	0.5992054800982537	0.5705202722757694	0.5783290299818351	0.23682772355831322	0.24891704304168938	0.2442311919786685	0.4090066956715535	0.4243150733461212	0.4455016773079982	0.4594748350796897	0.4270197719223754	0.46423544766972763	0.44080441096039696	0.4347337489667604	0.4166035420540773	0.17184590609430825	0.1346150475232492	0.15604295971222923	0.15436872794060694	0.1547206928296535	0.5176549636242875	0.4721728404019882	0.09690516567332896	0.10320450342275067
1262A	143655	0.33824535642686226	0.30652952670429884	0.38076802487217504	0.3705138066677052	0.3603140394088671	0.22448167164955157	0.3073012843068262	0.3079809038872045	0.3128558053407161	0.5327818328288253	0.5201209300514099	0.09209249289069239	0.09047270112326822	0.12325089942373203	0	0.04207685504335392	0.06291223963812333	0.14173958926199964	0.18425324675324672	0.11430058422332663	0.07610970861055943	0.0534924807926227	0.039853942240025975	0.25678911189199743	0.234466879972328	0.23855969163278137	0.2109613468378699	0.23763238486103483	0.44885029404406857	0.46270981414148393	0.45574952743454517	0.23706480295027668	0.22658694857043662	0.2111283106377663	0.7604562737642585	0.475775092645754	0.4330498545572075	0.4297828019309706	0.29320276497695846	0.2711209792558999	0.2870405327969152	0.10088126159554728	0.07050467611556166	0.10128041601255887	0.4360398593688239	0.4489968604743949	0.423809697584756	0.3006517031791524	0.07378080716678655	0.06553539282499679	0.08002964699393272	0.086243646698223	0.10267660910518055	0.10180519662172963	0.3422805586788752	0.3526835518424387	0.3491557952731155	0.24343201763904204	0.24963061101103076	0.2146432085549934	0.09402368230756868	0.13746036263110822	0.09688890152664037	0.35124213527120457	0.3522055536716197	0.3351210048371053	0.4350883180531417	0.4107680593316585	0.4017459708977381	0.4003190549516053	0.36804831034658253	0.37840362208713274	0.20605760609683202	0.5383566763638499	0.5301940909614816	0.5341363487506581	0.180826116396229	0.1837251143395211	0.1927650864106885	0.3609305678793256	0.38013153238173875	0.39166261048001916	0.40838305661247554	0.37450949416463836	0.41006657605810276	0.38123935699765027	0.37122540154602734	0.3622401430283203	0.08058433752182498	0.07269856948829659	0.08535691278271096	0.06070131953490616	0.0708888075603756	0.4482092341887251	0.41399946606549604	0.06832330139537908	0.05713499007539177
1262B	143656	0.3355777324656432	0.3024919911153624	0.38157032027393234	0.36966535745036033	0.36335945028700717	0.2074629868974004	0.3085051884750213	0.3142985006080731	0.31679391004835633	0.5304377147441673	0.5265009122939058	0.1023623823354123	0.09812385443911283	0.12004076760883317	0.04207685504335392	0	0.05536195212386167	0.14910467486070297	0.19015142607036936	0.12495220527284437	0.0746113487873366	0.06053102278750647	0.040656608792528644	0.2506913542496492	0.2433109112314736	0.236985381776136	0.20945722008530002	0.23565364554708218	0.44844095902386305	0.45879416829626846	0.4518338815893297	0.23143282987761876	0.21125961927906028	0.20425501845977126	0.7604562737642585	0.47186848747634713	0.4339065956319906	0.4350243300208707	0.2936553382915899	0.2668143414554466	0.2896840387935288	0.08988114316481145	0.07053488119466461	0.09535487754578796	0.4346842746075803	0.4438735332789344	0.42123530690645755	0.29614773344887746	0.0821633511010989	0.06838686298763538	0.07465242755339963	0.08348694919665446	0.10872916471944417	0.10860615135873777	0.34192275489426627	0.3431417642890211	0.3481477577740226	0.23694182167684044	0.23594543316569233	0.2070318635917346	0.09539983079271834	0.13479173625465737	0.10137079832384407	0.34854098097489195	0.35366665298423333	0.3328983763109838	0.43391411629908144	0.4073902563797838	0.40319022152304235	0.39435622019016336	0.3618611430112448	0.37136018544849764	0.19906844876468202	0.538843648279705	0.5278895651650534	0.5345964221493489	0.1786674839914278	0.18023327844774809	0.1894391517780412	0.3629570651230538	0.3830487307685491	0.396311934424753	0.40730824941134475	0.37396747188067814	0.4093380182736274	0.3771160842048126	0.36759547198824755	0.35743423483818176	0.07968401445810233	0.07301200399211238	0.08479381016197861	0.06040541006351092	0.07303240266621165	0.4486664340796171	0.40331506023528974	0.08487242335606252	0.07612060457588701
1262C	143657	0.3235664316082755	0.28673228778240845	0.3704756799383304	0.3613833624849904	0.3663323345690924	0.21684943200472775	0.29935229292570203	0.302401491788979	0.30865845562864563	0.5285700192374094	0.5206286748586268	0.11334026613663772	0.11937748880325924	0.14199221577110513	0.06291223963812333	0.05536195212386167	0	0.17344162867430615	0.21921274601686977	0.13255167993162761	0.07037935643667524	0.05453072564085062	0.0653559025404031	0.24377460685919755	0.23239013629215438	0.2325293046582905	0.19612159596294265	0.23220704257303446	0.4362643329772508	0.4572934981305435	0.4503332114236047	0.22788241423406635	0.21888614698550682	0.20168297729434406	0.7604562737642585	0.47085999796601735	0.42394691421374264	0.434191953116634	0.2822138967409378	0.25915673214260454	0.27410966008629756	0.08634596770476442	0.06241050337844025	0.09585700878143891	0.4309435984741007	0.4435897048301438	0.41541148159592484	0.2919221167375022	0.10968382104540152	0.08642163185390707	0.10968783584762967	0.08303000946370474	0.1092466296590008	0.11383359312486391	0.34364482937359864	0.33044732861301424	0.3414103276653893	0.24159800392024444	0.24163165833530711	0.21400507504892452	0.1267919473983278	0.1616544132747361	0.07708392613507856	0.3418250565840594	0.34921059412136113	0.32498727350952267	0.43626477477926484	0.4108760278854679	0.4049722178055289	0.4092754828441564	0.3688566384725472	0.3811849577148984	0.20427468403571578	0.5374125121536668	0.5226960600580056	0.5237976116116981	0.1725931119113653	0.17114039977922554	0.18106340950791386	0.356976371902414	0.36720696025266664	0.3822435593544142	0.40365404878771993	0.37245236819151495	0.41004805990323656	0.37196556460970115	0.3677407714105554	0.3570957555493638	0.08191321698645188	0.06673141523135734	0.06533896344809753	0.06973934342326533	0.06394565562559541	0.44569766254976	0.41245504675137856	0.09483373587568691	0.08400472221419378
1263A	143658	0.3014385794681542	0.3071433238676501	0.4460604794687459	0.4314653067938375	0.4270347182697782	0.2984114497424316	0.36726363511471355	0.36302226138749466	0.37722631151815905	0.5926723727101164	0.5844372419446172	0.10063763435781961	0.1050551288749255	0.1378956353473262	0.14173958926199964	0.14910467486070297	0.17344162867430615	0	0.15776191421995303	0.11884138747256225	0.13668226315068913	0.14973152051329403	0.15388243665479548	0.3454834085292385	0.3349947666959281	0.3247625462950211	0.2880447718807506	0.3016848660776616	0.5236738037952257	0.5425941880664674	0.531613588198293	0.3265720171890284	0.3210438924738469	0.2929660167085629	0.7852948156676209	0.5570311616765188	0.5133006435795281	0.5051202179008235	0.3933941652743863	0.36844774536968716	0.38777870870034536	0.16900010489586606	0.16840394490716823	0.1695912187523723	0.5232515402203622	0.5322140567738819	0.4918084247931072	0.4013626195979011	0.14771539714723958	0.12533149729315565	0.14271870048762483	0.1452282486927178	0.15149351312697928	0.12780935755356615	0.42753176595614595	0.40969701137906245	0.4229518892407671	0.3431288316180902	0.3377064093484988	0.31336717917913576	0.12489076315659745	0.1354581673306773	0.1571097069612562	0.4414299736410984	0.42798357061546	0.4198298660513515	0.49882285658407666	0.4723612576114878	0.4580073481259067	0.45049380595374633	0.412153547075207	0.43490812165051373	0.30321670083959834	0.6151104724371053	0.5978345706478707	0.6057429948273293	0.2508392632784222	0.2510045907304332	0.24620080593407237	0.4394570785182252	0.46682194974574576	0.47178752389207756	0.46637691657611957	0.4494945802924895	0.4638919175880592	0.43826247403658325	0.436443369239818	0.41872893638246006	0.18156918841697256	0.16699723721076512	0.19508766517738985	0.16734480517645728	0.17896334461652144	0.5382956622355463	0.48009898390932393	0.10788683948208228	0.13030102292290116
1263B	143659	0.3164553433102915	0.319078742122668	0.48164540451438986	0.4664099751516642	0.45622842118948903	0.26489157031585636	0.4184576802507836	0.4187814184483072	0.42495198870866974	0.6220095693779902	0.6180727669277287	0.15529600665350043	0.15609178022345988	0.16831289087340612	0.18425324675324672	0.19015142607036936	0.21921274601686977	0.15776191421995303	0	0.15859252731223314	0.17394271913474918	0.18354962704460667	0.1900651073064866	0.355395441274527	0.3533071971767981	0.36606756111632327	0.3191088886391729	0.2661164846668435	0.5517577614876983	0.5621513484399645	0.5524849204528588	0.36737817337530826	0.3534583082421439	0.3376248770623708	0.7604562737642586	0.5699172949812336	0.5439736733854381	0.5344235556700145	0.421966642228739	0.3991294868236325	0.41276153014163564	0.2144728618816403	0.21178750201840785	0.20860021895831304	0.5327587804652024	0.5413489736070379	0.5236768227231441	0.4283637954622103	0.16601820194844558	0.16435643564356436	0.16174181093535933	0.18429675316710764	0.1812113692758854	0.16459805670620123	0.4596106163894083	0.44250427588401414	0.45349106742728346	0.36246571309893716	0.35263840968486604	0.337187467538175	0.14728400885373197	0.12862333656576042	0.20105513736086983	0.43622262241044035	0.4214368615499108	0.40622515529255915	0.5452178910713682	0.5140755045422403	0.5213914888779414	0.49463861097402306	0.47535730566057965	0.4878035675908014	0.3026601553393293	0.6324366777930494	0.6346308121811122	0.6359682608932756	0.268018908425565	0.2772866523549957	0.2708969258965303	0.4846414455110106	0.5035657983634863	0.509328008984838	0.5032887651805091	0.4823000648688721	0.5137167723015796	0.49864753616370683	0.4801625977607151	0.47534297367445305	0.20218666326660717	0.20109900972532357	0.2399466902681356	0.20097769042518523	0.21341476859303687	0.5114398536627857	0.4721237127463683	0.15169203309293514	0.16862391436469504
1263C	143660	0.28720085284645713	0.2724778828133612	0.45466677502889036	0.4358427121117976	0.44184767349855775	0.286421240223095	0.3769505092013578	0.37524966084786304	0.38804452608938195	0.6126360413516125	0.5999751385741974	0.0673871802508509	0.06017966009253393	0.08178243191903842	0.11430058422332663	0.12495220527284437	0.13255167993162761	0.11884138747256225	0.15859252731223314	0	0.09761280988211422	0.1071456663296899	0.12426505957862037	0.32499857026844636	0.3075085623957143	0.306100865294744	0.26840402979434724	0.286018597109087	0.5188831373498615	0.5376390993270606	0.5306788126201218	0.3071063009307381	0.3067348069428792	0.28411453790403507	0.7724078488543903	0.5504189375682691	0.5035566079759923	0.5092958456261893	0.37704642319906406	0.34874126669367506	0.37101915992162054	0.1346385798012401	0.127461139896373	0.1476917957737466	0.5153219459893413	0.5225122696123865	0.4921515061672619	0.38572816301551754	0.0890519800406686	0.08046454904557812	0.10887330705983554	0.10333522837610781	0.13365882821841366	0.04566349652998551	0.42814960728163426	0.4032999410097343	0.42571393167006555	0.33134571773008065	0.33533779000194225	0.3007521032065369	0.11445444319460066	0.11397931589703364	0.1191374322079579	0.42040291592339135	0.4119956511406506	0.3879459812784838	0.5067869096318335	0.48315101049375697	0.47209610221875675	0.4869028659551622	0.4410153373044074	0.4624989282083317	0.28014937021700953	0.6124413881086402	0.5959597197353909	0.6041432128082155	0.22466572704948826	0.237589858108871	0.23508057284318828	0.42667106491165957	0.44963332663024175	0.47052890992564034	0.4863388872478182	0.45180977431298297	0.4894054660247044	0.4514417953066244	0.45368326199594505	0.4344222371379777	0.15567986105559953	0.13518389975862177	0.1557923722728402	0.1383719790786266	0.13544321693419575	0.513332991330221	0.4890348234727075	0.0696852699345767	0.0885404736178139
1264A	143661	0.30281771980767525	0.27715907066189077	0.3927426793479253	0.3827177700051118	0.37661442782177246	0.23261834387547345	0.3220094197775499	0.3250251107982108	0.32854588230728715	0.5526004915946708	0.5401297908313182	0.08470166096872371	0.07711422626810813	0.10973933037598713	0.07610970861055943	0.0746113487873366	0.07037935643667524	0.13668226315068913	0.17394271913474918	0.09761280988211422	0	0.04866091123556515	0.06762110403959709	0.26178127782888044	0.2423409456873388	0.25552827202828216	0.20316870879761223	0.22807365605100935	0.46068872774009634	0.4785306710721858	0.47157038436524706	0.24827255002456505	0.23976296547883913	0.2263145115437972	0.755258468393193	0.49272337844477515	0.450754256699459	0.45356700825153656	0.30239977865080625	0.2722447412921311	0.2958437405009478	0.09854377100392352	0.07239454492018901	0.10942861841615907	0.45201346519474994	0.4652857790879086	0.4415200341589551	0.3113227738241518	0.07625519788385252	0.05723168909440755	0.08776620356175655	0.049519064187986836	0.08458517514827074	0.09020879846142657	0.3628437298990295	0.359361764476536	0.3621795573355765	0.2606441210620189	0.2698103914904879	0.23227547406784352	0.08001216134440023	0.12968685466048022	0.06639228695874842	0.36539324709829	0.3627538042331287	0.34578128390815505	0.45971518277423984	0.43315324760574214	0.4240458021239717	0.42432357643709767	0.3929709127892561	0.40081110749299076	0.21352504721158647	0.5532845735032507	0.5427584573911753	0.5482688186590229	0.16920855993638942	0.1760051354994508	0.1867531283284643	0.3767885167601422	0.38863312121321236	0.4139509127870254	0.4239570684947231	0.3905186119286954	0.4281143036404171	0.40050035507503273	0.39500639564564094	0.3861568759056487	0.08770648559263447	0.06995086469108805	0.09172638815539652	0.08639141303984237	0.08360213361176741	0.45376440618361574	0.42964159318778583	0.06918700185495809	0.052287184444870266
