121C	143639	0.0	0.005637629293722193	0.004910312940651682	0.004456550905205661	0.0040523997279739606	0.0033640566845457125	0.0033820013411996527	0.00387248023461066	0.00483076536340784	0.0038108979915772766	0.0038217476227640746	0.0034311091006499787	0.0028011481640361933	0.003101661688273108	0.0030498969369203953	0.002613099718156952	0.0026203632542838268	0.0027095400847092473	0.021808804677417803	0.0024020218403027678	0.004137744182406866	0.0038029652891283646	0.004064191721047265	0.003303795656654214	0.003754577228600755	0.00407709241117481	0.0038760095331275453	0.0043701074019749705	0.003530413888089812	0.0050539202792465945	0.0028596659495038895	0.0029231432553254756	0.0030963795441796725	0.004192381296532654	0.0036355571024263536	0.004826839922392127	0.003303209719327333	0.0032752607493479638	0.003040051652723719	0.002714943420671491	0.0034296722098368536	0.0037111541126299405	0.0035449157091719035	0.00413553563145418	0.0031029610713929415	0.0039884023493639105	0.0034536329863486034	0.003350188810656526	0.003206126552828415	0.0041367415663106765	0.0031297461040835865	0.0046775523129774866	0.0039032957161608916	0.005254041859097114	0.004495470783966906	0.003218493834180593	0.0028974259580992366	0.003087347578217342	0.0027554794418502707	0.0029456164944183212	0.003102349555256359	0.005187851236886467	0.004714315928407377	0.004919322586619463	0.002680105047089618	0.0021068252601881164	0.003510792327120298	0.003924007628932625	0.0038175432487354837	0.004131131395128582	0.0036120922195254195	0.003974100430527521	0.0025816106043744388	0.0025256156091261464	0.003571139355145055	0.003835878202412493	0.003621644224203123	0.004253409587647739	0.005193117338408009	0.00443214059045861	0.00329698329635742	0.003263059499663035	0.00347562880284438	0.004020150944693984	0.004193268141448986	0.003826982150242833	0.00506853357303173	0.00492724814875505	0.005079302396156601	0.0034948603804497	0.0038655217678499392	0.0036600984749773123	0.00335166555327424	0.0034396092947448307	0.0038843075600470665	0.00389194486115321	0.0040034978638640376
1255B	143650	0.005637629293722193	0.0	0.009027190838316672	0.008534436108250202	0.008157333336348835	0.007425386618217721	0.007562754067428972	0.008031853227458736	0.009071781349439506	0.007974190479932197	0.00803302556994822	0.007482200635149502	0.00706173074658209	0.007227541717142793	0.007395466163709022	0.006737076991708684	0.006974441837524113	0.007020203931063137	0.02596840940405626	0.006233062051698081	0.008249420225676134	0.007875306071144547	0.008327535553752633	0.006401153322164864	0.007881500241600229	0.008230771346553273	0.008009464771785508	0.008591260035499992	0.007443560454670822	0.009247696631122565	0.007273863648284986	0.007337981651973054	0.007447586114226046	0.008481080385466029	0.008138395179920065	0.00906786351028469	0.003449426137600589	0.00338554734642192	0.003320238246410384	0.006804927119268878	0.003043737115600878	0.0023865923079250027	0.003163957463479631	0.004437106848040247	0.007193674801677231	0.008201450888277515	0.007646297285420272	0.00747874655429741	0.00743677408775684	0.0038345241711131304	0.0037106505605444505	0.008747105495244819	0.008016404776026451	0.009984403710270665	0.009191688514020952	0.0032466634838109474	0.0031663286590805856	0.003355966952049581	0.0032564087125682276	0.003121548354658914	0.003010344202833722	0.0011414123740007304	0.008421517701785074	0.009464975621422208	0.006896544941067787	0.006660850088962675	0.0026177486046576404	0.002188215901262206	0.0024067635482209037	0.001999804002062516	0.002782572927297757	0.0028657343998254167	0.006017750128509643	0.0060025077142876054	0.0028533440875779274	0.002528678398922968	0.0033168437923550864	0.006134576878613268	0.007477155518666321	0.006674959647574897	0.006481972971993117	0.006416527846150582	0.00697642821241745	0.0034974832207454254	0.003928232313977579	0.0034812013398240202	0.0015403679031633097	0.00139712023306839	0.001332756743751254	0.00742258766828462	0.00797204810321265	0.007622144296376521	0.003861410155371174	0.0035100646414602606	0.0023434157270280902	0.00229921547412623	0.004158821853599251
1261A	143652	0.004910312940651682	0.009027190838316672	0.0	0.0007160514073457715	0.0012917309921097954	0.0016751851115639693	0.0017011918019300477	0.0012982766001455647	0.00044731276981606804	0.0012204593521442043	0.0012085518481586089	0.0017261201678052801	0.0035853330932799667	0.003308564594591346	0.002886961254223879	0.0037199516774962717	0.0034166375086168137	0.0032992702208979375	0.019005901580483757	0.003931023409415065	0.0014137664569257708	0.001390981284421667	0.0012834827620683928	0.003940088365781231	0.0013434437784698504	0.0008975847145865169	0.0013961095214894677	0.000813491937462661	0.002096814765174709	0.0005914121789661529	0.0031911255267113203	0.003063794022818606	0.002835404348046781	0.0012258740318513883	0.0014644415387577241	0.0014473924457072997	0.006119763589707686	0.005912187045757048	0.0061000511274851175	0.0035658059346129973	0.006665902470389941	0.0068684149350818745	0.006453142285954115	0.005338150394865239	0.0020887692036699493	0.0012044895552879627	0.0017849480694611234	0.0018474239391033747	0.0018379787816213962	0.006364557351194902	0.006374440361704925	0.0005180683834892989	0.0010948206239812133	0.0028576235689202725	0.002934952515104166	0.0060890337094799026	0.00621433504650624	0.006085113947802407	0.006053774967590483	0.006099494410545114	0.006325340986483156	0.008430212585949767	0.0010099141324635373	0.0013983319721313588	0.0028932595592331065	0.0031261751010287285	0.0067665839805471605	0.007249285208770078	0.007078600612720865	0.0075479724954454225	0.006667516875883501	0.0064618992793291676	0.0045033328536569295	0.00450999457236627	0.0068614767305269775	0.007133609614127296	0.006346928440839351	0.003916775462349749	0.003886918212948186	0.0035194235081973764	0.0035325075305575777	0.00358414299747755	0.0032260517765393577	0.005832201721625194	0.005424768918250337	0.005754814211126935	0.008260698158646764	0.00822276224608003	0.008409965659439245	0.00212039059433093	0.0018824493061285203	0.002002178240448972	0.0055281744877562055	0.006077717599302231	0.007052203440787266	0.0070192289305633015	0.005577366195571949
1261B	143653	0.004456550905205661	0.008534436108250202	0.0007160514073457715	0.0	0.0007466213020712825	0.0012364433131433518	0.0012754487487030546	0.0013093277556148898	0.0007930275228107205	0.0007568930007782424	0.000799450871584616	0.0012132515361778966	0.003130844144789185	0.002839226121773725	0.0028851510690498555	0.003250331199985525	0.0029453728315673505	0.0028121878571758085	0.01901443994481846	0.0034629993891196805	0.0011274504010214178	0.0009198885151226833	0.0013639315980153522	0.003484808348526345	0.0008151175117576355	0.0004471180644571363	0.0008460685673109653	0.00047655427917303193	0.0016413076754884866	0.000898075475333553	0.0028051433766000562	0.0027181069693354085	0.0024957573027026285	0.0007905990108763137	0.0010480609878395514	0.0014631901920165295	0.005627804326430041	0.005446360695410672	0.005619995879807579	0.0031421763810958415	0.006188252001435044	0.006396177139268103	0.005997772669308933	0.00492517594294654	0.0015659446281174926	0.0007962447774792228	0.0013412653974701212	0.0013054423127697638	0.0013710496802486075	0.005861626354875051	0.0059540581029385795	0.0005864415261520042	0.0006914207417051746	0.0032082046555321885	0.002903723196832684	0.006088513507390562	0.005793951983227837	0.005576639466792354	0.005602268978270413	0.005655944426882916	0.005875443322841703	0.007932869403769607	0.0006692981098102104	0.0015059867674952912	0.002471302648199333	0.0027495509055961258	0.006319116728015111	0.006801822155974322	0.006635871702746226	0.00710050804110797	0.006259689041939987	0.006509947357201669	0.0040536532566188745	0.004042793452218327	0.006416389007113118	0.006692491285987768	0.00589947999858608	0.004024963713219829	0.004241552137151683	0.003420231488511948	0.0032065699517571673	0.0032371693875011803	0.0033851460225282895	0.005360906651319743	0.004920184320680897	0.005287692818545295	0.007769649388303415	0.007767348395600839	0.007962510615453179	0.001792427425394939	0.0017757448904256396	0.001823914416845965	0.005094126809250146	0.005595104617742088	0.0066015299036049	0.006526475405248673	0.005130607012336931
1261C	143654	0.0040523997279739606	0.008157333336348835	0.0012917309921097954	0.0007466213020712825	0.0	0.0010274722872594697	0.0009186716859105597	0.000979998538005935	0.0012733677515710507	0.000647691866996506	0.0007472447740291708	0.00108167345662385	0.002870270725053756	0.00266071350623304	0.0027108215605141112	0.0030209818292945513	0.0027240211827950973	0.002583035749395993	0.01928962740742087	0.003212571981966612	0.0012618097579405894	0.000750459189143687	0.001344969074926965	0.0032219849195673682	0.0007277648899562594	0.0005536664713205464	0.0006652379522925172	0.0007205144924091893	0.0014666626125550667	0.0014920840268321984	0.002601637454008947	0.002586495620145945	0.0023080828994179146	0.0008610002205920519	0.0007678045492523755	0.0016170942545719706	0.005300441996883703	0.005011144064727673	0.005231791061730092	0.0028300781833673363	0.00584447225318382	0.006046962462747021	0.005619093878949813	0.004585763116603083	0.0014199900161694027	0.000995208028883313	0.001018296258416163	0.0011986616146044385	0.0011641408885759972	0.005694723805636603	0.005540324321747045	0.0010321247453425348	0.0005885332501902273	0.0035588505691977294	0.0031341529803659996	0.0056747509380904474	0.005380188602258289	0.005326839738576108	0.0051760783568382054	0.005230521896579648	0.00545003260224269	0.007621889057779336	0.0011440954563452536	0.001954939937605186	0.0022050865701375025	0.0024504052174419257	0.005938749359321098	0.006421444804318664	0.006250774604168993	0.006720143303327574	0.005878601370184262	0.00617534451076193	0.0037722621847480547	0.0037319997417169697	0.006091585075640768	0.006338316787595114	0.005523904645985182	0.003757084987071973	0.004346009424881762	0.0036234762491828476	0.0029880446968413776	0.0030560047248767777	0.0032222880772667375	0.005025017821227756	0.004640865720156108	0.004991861121662105	0.007496010895281371	0.007386188948667659	0.0075821230575566405	0.001918850412615804	0.002030181273785793	0.002068825871708144	0.00475427422011976	0.0052560053150080095	0.006184785801250878	0.006181913406367641	0.004703313664916367
1262A	143655	0.0033640566845457125	0.007425386618217721	0.0016751851115639693	0.0012364433131433518	0.0010274722872594697	0.0	0.00037083898984103137	0.0007440664500860161	0.0016948349040640355	0.0006806503977676711	0.0006482583925808346	0.0002439729941366811	0.0021401752141144087	0.0021677318227417155	0.002228015987267993	0.002236978107791017	0.001960090164223714	0.0018047148852486181	0.019797511420596332	0.002409656908685198	0.0012057815751708649	0.0006383218463945608	0.0013392826447628677	0.0024607626517500116	0.0006263812482127934	0.0009942949683967271	0.0007807958515168096	0.0012556741024461935	0.0006611355271681791	0.0018735315831330747	0.0020332550110549693	0.0020815502141532096	0.001954466453709354	0.0011405423416149545	0.0010061720388995902	0.0017612810844052124	0.004607880357512074	0.004373140063234634	0.004522902712072469	0.0020798053380919005	0.005064119079230056	0.005292732325237761	0.004859378578371237	0.0038785009089546576	0.0005740766107581322	0.0009760733186237685	0.0007912537126150474	0.00041994699306236805	0.0004864745124138704	0.004781789168723584	0.004828348953025394	0.001371601646207874	0.0006555396238207765	0.0034897218290005387	0.0032087411927403625	0.004962792793636265	0.004668246070893991	0.00447379651909252	0.004488525741382169	0.0045222661676644306	0.004760084751864749	0.006823819913737123	0.0015140765331199961	0.0023779640702790497	0.001684479878929592	0.001653553390438811	0.005213201965025737	0.005683183071718891	0.005512506484479369	0.005981869557513265	0.00513951297330063	0.005400850843467814	0.0029541063889474122	0.0029535534007579366	0.005297768828546496	0.005577071488587626	0.004789630031796768	0.0033741492775073737	0.004339579598788667	0.00349132999097513	0.0028341441194249493	0.0027755948532735067	0.003144149347978866	0.004278118346489406	0.0039001616213888805	0.00418675205223563	0.006679507320430209	0.006671851616638301	0.006849482428017932	0.0018408552805197554	0.0018998547840332084	0.0019480021098265937	0.0039699772092356604	0.00448994294690874	0.005464657177825506	0.005428583624160377	0.004020834412729021
1262B	143656	0.0033820013411996527	0.007562754067428972	0.0017011918019300477	0.0012754487487030546	0.0009186716859105597	0.00037083898984103137	0.0	0.0006484858130297833	0.0017227578178183576	0.0007511916651659226	0.0007429265712876533	0.00035132081452162275	0.0021271174664311645	0.002242694201464256	0.0022081311439112726	0.002294805103498002	0.001989879878738107	0.0018697129852540274	0.019882344614912433	0.002449135605121034	0.0010884152424259013	0.000639527954081122	0.001193233750991328	0.0024694094254172055	0.0006888094899649478	0.0009234202610746778	0.0006776631596795196	0.0012353931739921297	0.0008512305307588499	0.0018732544544845585	0.0019346955231285038	0.001961820975897812	0.0018768584534851198	0.0011767742337506267	0.0010015212305802	0.0018141458017541241	0.004657979794390873	0.00437909275660357	0.004600577128379737	0.002132809711594007	0.005215758453490396	0.005421366239330164	0.004983132757703447	0.0039061101055881927	0.0007330173570239768	0.0008804908090964293	0.0007751082740025247	0.0005478009039777451	0.0005058344315380596	0.004981459185741166	0.004913723376394768	0.0014559103085479068	0.0007669938595644145	0.0033764825694071916	0.0030188620416166803	0.00504819337058568	0.0047536440403318754	0.0047068602729730645	0.0045900674392306065	0.004663679654983748	0.0048831613347679135	0.007027316997509848	0.0015809078623593856	0.0024488156036252106	0.0016741506576105026	0.001758578944689742	0.005313054220316638	0.005795738240340873	0.00562506165310135	0.006094424722606074	0.005253673995413438	0.0055422834878582575	0.0030469542316695786	0.0030361020478317465	0.005430940377741326	0.005680061841287952	0.0048934245174345505	0.003318919350736105	0.0042097336642392584	0.0034498730211940895	0.002736757122824806	0.002759823505128334	0.0030626547946443813	0.004358234305264875	0.003967402268712625	0.004346324974943338	0.006867103952386143	0.006751765406687386	0.0069564451274611895	0.0017688211997294399	0.0018054892473610422	0.0018696548904893425	0.00408896389047687	0.004622026599391513	0.005609231300340004	0.00555479917314051	0.00406007582088397
1262C	143657	0.00387248023461066	0.008031853227458736	0.0012982766001455647	0.0013093277556148898	0.000979998538005935	0.0007440664500860161	0.0006484858130297833	0.0	0.001300249093901462	0.0007207098794111758	0.0006986198125475661	0.0007934219267975164	0.0025503025232353647	0.0023439329837383234	0.002054498880715896	0.0027813122965551773	0.002474809491150585	0.002332512159512095	0.019906233419127742	0.0028823123895478546	0.001110123809831083	0.0005833544060408337	0.0008991095746914092	0.002963070723866322	0.0010356189473307233	0.001007946280366672	0.0009728540921737722	0.0013019751542659727	0.0011957643202725715	0.001510904998369711	0.0023561441960131286	0.0022013533806729416	0.0019857202919467193	0.0012897511723946973	0.0009872279876158296	0.0013385001759162823	0.00525939965403565	0.004969288370413374	0.0051292255224565445	0.002652539963650133	0.0056705716569939845	0.00587308934694517	0.005426901506458559	0.00449952034290798	0.001120377036398337	0.0009641612850394978	0.0007635893927570557	0.0009083553822488337	0.0008601963064451943	0.005431373034429616	0.005382726291431145	0.001048531576908894	0.0007308018018552312	0.0029632182059284025	0.0027338210026075574	0.00511804000010408	0.0052226118055419225	0.005141796409539981	0.005045796178664462	0.005101863550765871	0.005321340007054307	0.007499580708384481	0.0016093187605115795	0.0025008548036031	0.0019119072946825562	0.0020019295467179664	0.005788336906088727	0.00627104233404794	0.006100365746808415	0.0065697297995901726	0.005721042465109006	0.005643994278973909	0.003411825823575699	0.00345416222845222	0.0058888021877261144	0.006159336407149514	0.00536871296338432	0.0031772009424924762	0.00390771569308555	0.003538045729632889	0.0028736439649585796	0.0028944414409331023	0.0027789346603870253	0.004884390441765239	0.004517671810134186	0.0048448678382485705	0.007359117521620268	0.00724771590250042	0.007431730793526796	0.0018809475410765577	0.0019374321981130986	0.0019817261914319745	0.004550004284575494	0.00508636163313464	0.006047344724122308	0.006023903342426597	0.004628934389887008
1263C	143660	0.00483076536340784	0.009071781349439506	0.00044731276981606804	0.0007930275228107205	0.0012733677515710507	0.0016948349040640355	0.0017227578178183576	0.001300249093901462	0.0	0.0011812413798618067	0.0011696811444221918	0.0017297466060785095	0.0035632936614158365	0.0032588383814108656	0.0028367026687280985	0.0037229279838674146	0.003421964465163005	0.0033700932017393273	0.01904026143862756	0.003912967039487413	0.0014413877292667149	0.0014721342716813386	0.0012028430922646103	0.003942054440437157	0.0013247185212591237	0.0008839320055020122	0.0014514497004549276	0.0008197339603845386	0.002177552257659146	0.000589527343249018	0.0033064703094604214	0.003198492780502703	0.0029747342545373458	0.0011821432168031467	0.0014310828292426615	0.001321931145944322	0.0062025369614360105	0.005945690987814561	0.006113618510495284	0.00357898258649514	0.006710513601089034	0.0069130082560278855	0.006422261530303293	0.005478393417770242	0.0020924616207686256	0.0012237285809688257	0.0017962214851944482	0.001844830560058249	0.0017467978522398696	0.006325019892131476	0.006352046958495033	0.0004579046058764533	0.0011898328027393514	0.002983484245319411	0.0028473204343762845	0.006107382895259898	0.006208896208497657	0.0060995691819348465	0.006061930754295418	0.006120538495032161	0.00634789457440664	0.008470214644958911	0.0010350332499886755	0.0015636095567951795	0.002921394031243741	0.0031134316739471566	0.006787293821292652	0.007253118551362179	0.007082441964122656	0.007551804436495824	0.0067279893807562045	0.006506595709010417	0.004491678545951409	0.004491158449170548	0.006868489946192411	0.007137441754475823	0.006350781186126102	0.003927015954099847	0.003924090474228049	0.003708488342768817	0.003588359108518023	0.0036315544508678816	0.003162787031951452	0.005852993450769536	0.005458207370288404	0.0057701587553229804	0.008252427000120167	0.008219929745517511	0.008413807010841035	0.0021847298460677205	0.0020758620075708874	0.002170869505619113	0.005532001539986512	0.006099283615301152	0.007091248847307569	0.007063822251509315	0.005607724058217077
1264A	143661	0.0038108979915772766	0.007974190479932197	0.0012204593521442043	0.0007568930007782424	0.000647691866996506	0.0006806503977676711	0.0007511916651659226	0.0007207098794111758	0.0011812413798618067	0.0	0.0002519826946825549	0.0006770751214099737	0.002495194699276005	0.0021600722513205025	0.0023050830877511326	0.0026305064096535146	0.0023503399033817894	0.002298452258763085	0.01935617577472558	0.0027822489376971744	0.0009761755182706893	0.0004402602014698853	0.0010828992948855264	0.0029015032397391757	0.0006735333182486967	0.0004694617480868092	0.0007196856521733291	0.0007513168060785101	0.001113780866675637	0.0013834746409320422	0.0022811460405218476	0.0022186141886040454	0.0019693460009324033	0.0007522802758659747	0.0008255983398708395	0.0013247625672241133	0.005187560646184659	0.004949759489829223	0.00510490588560812	0.0025478847337289503	0.005612930137825514	0.005815414588670258	0.005404964814670052	0.004482816100805686	0.000988891465699679	0.000677365790759852	0.0007253065779200871	0.0008265258339567176	0.000699587832565443	0.005241194739808222	0.0052860470195314774	0.0010154702315966501	0.00037575985298622867	0.0031621030133647983	0.0028527258728624164	0.005448388676855436	0.00512883624194701	0.005015226498997112	0.004993645786782137	0.0050481217267040225	0.005267613015876388	0.007374205574558846	0.0011952327306068427	0.00198027362977517	0.0018036902084618462	0.0020777390018063527	0.005689706703941191	0.006169599766773754	0.005998923179534231	0.0064682884339983425	0.0056501597759814155	0.0059618473801328585	0.0033745912811602866	0.003363733891015193	0.0057857688591027735	0.006056303879727953	0.005281504985746358	0.003506951576012021	0.004083146132062456	0.0032642166189965553	0.0026387773249189317	0.0026599014054526425	0.002847618980524343	0.004860139090906518	0.00448199702860004	0.00475442780173974	0.007177648683006208	0.007139902361521397	0.007330294637070521	0.0015441085529128075	0.0016228420069487669	0.0016662645633362919	0.004448555826898189	0.004994578187781823	0.005999222733257898	0.005966228578076507	0.004611796746705116
1264B	143662	0.0038217476227640746	0.00803302556994822	0.0012085518481586089	0.000799450871584616	0.0007472447740291708	0.0006482583925808346	0.0007429265712876533	0.0006986198125475661	0.0011696811444221918	0.0002519826946825549	0.0	0.0007233687014920882	0.0025161215470452573	0.002160685707929883	0.0022697152814492405	0.0027281023289905866	0.0024064472525435186	0.002349803114676934	0.019363680521621233	0.0028514647641509883	0.0008778832830542292	0.0004556839474890048	0.0009541225332616398	0.0029082893270452317	0.0007851376468850927	0.0005061416172212759	0.0008402172700164933	0.0007563738724013628	0.0010816756522145303	0.001365260746963438	0.002284721208415717	0.0021616207006509105	0.0019570104662062528	0.0006893837074058939	0.0008157639823898632	0.001257878393991588	0.005200298130212296	0.0049957804820669	0.00514793231620155	0.00253654102981276	0.005671746803408965	0.0059043454541209996	0.005497214053308445	0.004505672514145394	0.0010339719803275904	0.0005370058035207328	0.0007287485701360272	0.000827792341468169	0.0007342201325690654	0.005273764793633577	0.0053603414660456025	0.0009511642823455684	0.0004314944118210117	0.003045511407495565	0.002808489588128401	0.00553987949283438	0.0052203268557411845	0.005082276463641271	0.0050977204902079454	0.005131457911081736	0.005369282307503524	0.007431458865467625	0.0011264066418025724	0.0018952673622876048	0.001836639576326857	0.0020018244481612483	0.00576760486427597	0.006211235641888914	0.006042913759536893	0.006509921527022562	0.005699519725787897	0.005984937142231408	0.003404639850938166	0.003412089078178841	0.005834523790088019	0.006111478372863857	0.00532402306430639	0.0035315364798667527	0.004036751311442987	0.0031741500831706667	0.002654715432550297	0.0026956504025970824	0.0028486227150467205	0.004903090871881541	0.00451731530790106	0.004797437778610245	0.00724074734352093	0.007223355849022288	0.0073838827007753636	0.0014970181430850747	0.0015527880751250267	0.0016041439471364575	0.004498009365208701	0.005083555263469335	0.006067498424113354	0.006042572876649709	0.004639478422067198
1264C	143663	0.0034311091006499787	0.007482200635149502	0.0017261201678052801	0.0012132515361778966	0.00108167345662385	0.0002439729941366811	0.00035132081452162275	0.0007934219267975164	0.0017297466060785095	0.0006770751214099737	0.0007233687014920882	0.0	0.002045409651172835	0.0020945372516043463	0.0021603968627776	0.002221377662046866	0.0019269516252401456	0.0017982001330554978	0.01984298380036147	0.0023811710201253307	0.001160997398082786	0.0006362638108422553	0.0013059642330572729	0.0024306257878517145	0.0005505028861664778	0.0010032844978632106	0.0007612324776935541	0.0012981833018125377	0.0008252896645934191	0.0019064489714416518	0.0019454462452274056	0.002052666604666533	0.0018952366985332883	0.0011017869032572817	0.001069012682894613	0.0018356243198578003	0.004657422951492089	0.004432449030753285	0.0045994359109378154	0.0021245781991139083	0.00513525832317255	0.005348845597459281	0.00495438368374676	0.003952265065451123	0.0005027262092307183	0.0009809332618152785	0.0007645871820153015	0.0003393719834425776	0.00039728556911574725	0.004753104492530956	0.004902215749311182	0.0014449288130155627	0.0007178377361950927	0.003436679946144464	0.0030905242455503464	0.005036669525760812	0.004742124632766886	0.004492325940109952	0.004552727777530732	0.004586478400871144	0.004824282586015176	0.006880642541001304	0.0015931156625799336	0.0023940477526672183	0.0016827315139695577	0.0017187044606354791	0.005260046297925633	0.005727644001702656	0.005558516641675866	0.006026329886836303	0.005184005846720631	0.0054499564183939	0.0029558773047472058	0.002945816166346666	0.005351737640416391	0.005627072241462864	0.004836474555831399	0.0033435246406430304	0.004346963803780518	0.003509806371591162	0.002796660328653269	0.0027562773948710973	0.0031145700138022554	0.004363589288023959	0.0039406216478670136	0.004266562398531281	0.006658641033917485	0.006718700965264747	0.006896328380279432	0.0018112687206846112	0.0018804314702287259	0.0019184137016659414	0.004014543441507495	0.004517831156535659	0.0055390731208004584	0.005487771039788101	0.004085875619836317
141A	143670	0.0028011481640361933	0.00706173074658209	0.0035853330932799667	0.003130844144789185	0.002870270725053756	0.0021401752141144087	0.0021271174664311645	0.0025503025232353647	0.0035632936614158365	0.002495194699276005	0.0025161215470452573	0.002045409651172835	0.0	0.0007632730288194107	0.0011462764274003884	0.0007914273151386977	0.0007329471163797817	0.0008477288716746584	0.021230010701738654	0.0012712059706825197	0.002587492250404732	0.0023548800586787226	0.0027587056048228456	0.0010647053723930673	0.002455834287177689	0.002738699691141809	0.0024614649354900656	0.0031225492464401787	0.0025593555323662025	0.003726055334805516	0.0006706214865371134	0.000839882170380402	0.0010368424857145038	0.0028856075804422725	0.002499470743591841	0.003596860253138634	0.004275993690838902	0.004099246609285693	0.004173660623674771	0.0013985877914939936	0.0047714527156775145	0.005081834842572913	0.004662774133792776	0.003648930678243012	0.0019618051008389284	0.0026692757441625246	0.0021756568352202434	0.0020433386089557587	0.001933594123869977	0.004252668212101561	0.004233906944884526	0.0033717977771912256	0.0025881921715522112	0.004371184109929371	0.0036538661706047564	0.004633854679416249	0.004314293440836676	0.004301252516349489	0.004249253543035895	0.004283003782776156	0.004520780932401743	0.006560099146126324	0.0033871859720456215	0.003908392373869993	0.0012147391781344163	0.001357411625413576	0.004828087563612925	0.005276228469026969	0.005148807805055601	0.005499804510672779	0.004866672693400992	0.005106210377080675	0.0015468239757219391	0.0015097055091459457	0.004859737802907687	0.00512380045729295	0.004295412692158974	0.002915970650426015	0.0038453015414097536	0.003014373981426508	0.0021018425120097693	0.00210315758641421	0.00242222840313556	0.004031383561377209	0.0037027359735497967	0.004040203836590327	0.006400450779804259	0.006314359877734646	0.006455401785731644	0.002306022602360379	0.0026583324825776244	0.0023800461677767944	0.003633042545138631	0.0041543728516129416	0.005202961975913441	0.005185194074706382	0.0037993978129692556
141B	143671	0.003101661688273108	0.007227541717142793	0.003308564594591346	0.002839226121773725	0.00266071350623304	0.0021677318227417155	0.002242694201464256	0.0023439329837383234	0.0032588383814108656	0.0021600722513205025	0.002160685707929883	0.0020945372516043463	0.0007632730288194107	0.0	0.0008812811218675757	0.0009844355546299883	0.0008583108516665429	0.0009758300746028558	0.021122470889508062	0.0014117324881209935	0.0023395490631151743	0.0021261513566021607	0.002556095948079294	0.0014122104642272917	0.0023994538479602664	0.0025426380988456863	0.002394490942173967	0.0028386571469341372	0.0026240208612585197	0.0034298011057024187	0.0008697947916123507	0.0009375806315094693	0.0009879596998031118	0.002621729768532149	0.002479064606512474	0.003309434099511719	0.00451331857284738	0.004350304147225501	0.004432262101030671	0.001536804560831783	0.00493151590051156	0.005224724084478565	0.004805604129960886	0.0037886504135111443	0.0019397004583825597	0.0023805116480135227	0.0017486298175490031	0.0020215798221431647	0.0018264137421289987	0.004323683270764123	0.004597937511580708	0.003075300932260989	0.0022686038205620386	0.0041662836365084135	0.0034958813468149033	0.004818030924581526	0.004498478481375654	0.0043573277902797655	0.004433384082808682	0.0044671343225489435	0.004704929826569913	0.0066598021051083875	0.003090609492853263	0.00378913067717727	0.0010273478460686427	0.0014195126068881425	0.00501872820787733	0.005481929425829797	0.005333856311961781	0.00575413111061511	0.005057139268623897	0.0053034621306172905	0.0016503560604197959	0.0016328153241645265	0.005093880336221464	0.005329009879747252	0.004627663446845334	0.002893888369429277	0.003709259106412539	0.0029032935008314106	0.0021025517923471855	0.002048533560471277	0.002424568869459488	0.004231732647765678	0.0038264511188698235	0.004186964198405585	0.006517699949493931	0.006520816683241892	0.00666186760114979	0.002079423451041666	0.0025098868661615785	0.002179428527184275	0.0037761839140903176	0.004298073671705743	0.005383130817859903	0.005342431296745663	0.00400760392687986
141C	143672	0.0030498969369203953	0.007395466163709022	0.002886961254223879	0.0028851510690498555	0.0027108215605141112	0.002228015987267993	0.0022081311439112726	0.002054498880715896	0.0028367026687280985	0.0023050830877511326	0.0022697152814492405	0.0021603968627776	0.0011462764274003884	0.0008812811218675757	0.0	0.0012273949201586003	0.001117767544285568	0.001217829593877716	0.021340827259359228	0.0014773853431001237	0.0026242414660460137	0.002278912103695496	0.00212966751322374	0.0017588284957144717	0.0024380840740168756	0.002594498873021484	0.002416252798568402	0.002844657839618204	0.002723915867634937	0.002988070462286242	0.001059712939552081	0.0010997705139978576	0.0011170216555394159	0.002651415880705764	0.0025339901611806845	0.002900125384100374	0.004492727332358125	0.004367673346434436	0.004507956404715808	0.0019522854003306053	0.005051104928118635	0.005317422456416629	0.0049373553100749475	0.0038472179562494754	0.002039780784436797	0.00248138975822492	0.0019259407642721164	0.002075290195275823	0.0018927020173594986	0.00448431298085282	0.0047369530120752144	0.002625304727131326	0.0024010345762670356	0.0037282307195393447	0.002992009913333639	0.004522568512225758	0.0046233345823702785	0.004494730224062838	0.004514158371617985	0.0045478941378282334	0.004785716365872576	0.006805811765751558	0.0031475785071018057	0.003914109493065203	0.0012424744470693324	0.0016959706237807475	0.005152280278997763	0.005565922021608321	0.005420242824421531	0.005852332300449842	0.005105501230121648	0.004895939700952291	0.001921308617807812	0.001874206207728351	0.00522065058368875	0.0054801146066963576	0.004692569550198679	0.002456215079556696	0.0033623767958230154	0.0030068333761057485	0.0021877790937592802	0.0021138178409090607	0.0020311726511447184	0.004284753830996857	0.0038820650933236965	0.004227316896518694	0.006632568121240783	0.006620698157634339	0.006745876785763574	0.002156672662076274	0.0025870820632905565	0.002256612728683462	0.00388390095587038	0.004445955947501915	0.005467146750248256	0.005431154219709027	0.004043898802425781
306A	143691	0.002613099718156952	0.006737076991708684	0.0037199516774962717	0.003250331199985525	0.0030209818292945513	0.002236978107791017	0.002294805103498002	0.0027813122965551773	0.0037229279838674146	0.0026305064096535146	0.0027281023289905866	0.002221377662046866	0.0007914273151386977	0.0009844355546299883	0.0012273949201586003	0.0	0.0004228412499831719	0.0005761902840456922	0.02161083172951703	0.0007569484916222373	0.002811182583269428	0.0025482021984588625	0.003026863094014962	0.0013566166878389515	0.002589019340724885	0.0029125325987148006	0.002578509789818206	0.003279805579160826	0.0024807677801177833	0.0038670291280905674	0.0010798023787427211	0.0013029161840176246	0.0014548273873655113	0.0031773587185957735	0.00292139869204288	0.003852972025826156	0.004011522671800521	0.0037521652221825224	0.003894076410384328	0.0012499209944367234	0.00446399248792685	0.004697216564675528	0.004278964714827064	0.003361304824428363	0.0020498394484677125	0.002935587406697864	0.002365520989621037	0.0021474264927141126	0.0020839511084304978	0.0039824076003966875	0.004091068663667198	0.0035536796700244865	0.002732130622084565	0.0046462840961099565	0.0038534744482748608	0.004292506220721443	0.003972933367236017	0.003959885648095893	0.003864562576242584	0.0038982981384839722	0.004136113777353918	0.006201631311457163	0.003595225702460507	0.004336041847503576	0.0014216268636791513	0.001656698272162325	0.004486742114224734	0.004908423172865503	0.004772197638896908	0.005204796367539644	0.0044970785880988125	0.004801514042805169	0.0010225386943675985	0.0010171471590588045	0.004590577051971561	0.004848449983956416	0.004024292635444461	0.0031438371052749563	0.004046188126301252	0.0033083471691086755	0.0023954262999257413	0.0023967429737445597	0.002715805585542956	0.003696185933246776	0.0033981909540356492	0.0036922945293498812	0.006009439722461447	0.005921765544949178	0.0060628115977426605	0.00252047755385324	0.002928328310666609	0.002594636915891455	0.0032737521887742076	0.003837719175912002	0.004843025234815535	0.004800571387613379	0.003458716791804319
306B	143692	0.0026203632542838268	0.006974441837524113	0.0034166375086168137	0.0029453728315673505	0.0027240211827950973	0.001960090164223714	0.001989879878738107	0.002474809491150585	0.003421964465163005	0.0023503399033817894	0.0024064472525435186	0.0019269516252401456	0.0007329471163797817	0.0008583108516665429	0.001117767544285568	0.0004228412499831719	0.0	0.00036427274568991944	0.021347771868753408	0.0010444641022663355	0.002519830568677066	0.0022615132567351034	0.002777409342077463	0.0013521315121936988	0.002284232623605409	0.002603636383619761	0.0022711979316574864	0.002989116785114273	0.00220433367613382	0.003561268159828836	0.0007330784047623598	0.000943744483578316	0.0011834188415598848	0.0028654860224937412	0.0026209497392278257	0.0035313451848356116	0.004206706905170201	0.003960210879663438	0.0041139525341446406	0.0011549348598413286	0.0046933936727027	0.004931540331084294	0.004522040017378681	0.0035801945074179797	0.0017641101686140873	0.0026345152082965975	0.0020828874007886	0.0018323179775840991	0.001803734104944409	0.0042104305504724535	0.004327838501733025	0.0032614283592567925	0.0024312374427599955	0.004405776965460894	0.003607457107569452	0.0045386406592542875	0.004219076628372823	0.004206013283952198	0.004098878667512991	0.004132622439606202	0.004370438078476148	0.006439004767604992	0.00330617570275429	0.0040231635456165074	0.0011345498655343834	0.0014587332330546548	0.004732883777972467	0.005133075642928746	0.005011916263009807	0.00542169380580853	0.004716402408769032	0.005012657419953859	0.0013290309385738906	0.0013359909391286924	0.004820181852125573	0.005085236951891151	0.004244575283700008	0.003135489087260892	0.004049603334651217	0.0033102820586234484	0.002387025008887697	0.0023883544948589356	0.0027074171066573316	0.003915967557816261	0.003616363966036364	0.0038931831340440876	0.0062659189958048245	0.006171983267155395	0.006318511602253379	0.00222814859177739	0.002630501049984978	0.0022960344895351283	0.003492355043574526	0.004064748403765611	0.00505823476417225	0.005041204673722111	0.0036603476833065958
306C	143693	0.0027095400847092473	0.007020203931063137	0.0032992702208979375	0.0028121878571758085	0.002583035749395993	0.0018047148852486181	0.0018697129852540274	0.002332512159512095	0.0033700932017393273	0.002298452258763085	0.002349803114676934	0.0017982001330554978	0.0008477288716746584	0.0009758300746028558	0.001217829593877716	0.0005761902840456922	0.00036427274568991944	0.0	0.021325154351197695	0.0011779093568226192	0.0023518698540002008	0.0020809320618725593	0.002638829194432763	0.0014508247139081638	0.00223631905146095	0.002559937719004707	0.0022307893854169366	0.0029242802701505864	0.002085854236833292	0.0034647332036589857	0.0008675541806757259	0.0010970808726245259	0.0010834055975210062	0.0028496127973128105	0.002526003958965451	0.0034471448190592164	0.004244600749115516	0.00402211118752618	0.004120808109452799	0.001160588012523913	0.0047137019258380874	0.004989395755151877	0.004579907929688595	0.0035933465839581074	0.0016390524580547172	0.002478898641483929	0.0019413015300286884	0.0016881253836099322	0.0017674342670171228	0.0043827423367833376	0.00445718427429671	0.0030724725019996863	0.002329127511564469	0.004286446050089182	0.003535609490821157	0.00459164906733259	0.004297082339884858	0.004208813428928454	0.004156708181979496	0.004190456982716551	0.004428267392702363	0.006518573731246783	0.003130369198698308	0.00395309710567887	0.001140174204774498	0.0013956219775991723	0.00482055526977256	0.005343274679643885	0.005164722823002326	0.005636458498321724	0.004846357176550388	0.0050586734278363354	0.0014695622916891956	0.001413679992395129	0.005005556364273913	0.00521696276406836	0.004448088224559412	0.0032908342802747082	0.004146713566787061	0.0034204012595073596	0.0025392177896111714	0.0025405234480083993	0.0028595958485778256	0.003954268829569614	0.003623200670629218	0.0039534820302393105	0.0064115755940815375	0.006328751539893766	0.006500886914261509	0.002221657146230039	0.002616743402860788	0.0022863000504244257	0.0036847543492274826	0.004117177969037426	0.005135996507299097	0.005101515410722319	0.0037294195073996196
315A	143694	0.021808804677417803	0.02596840940405626	0.019005901580483757	0.01901443994481846	0.01928962740742087	0.019797511420596332	0.019882344614912433	0.019906233419127742	0.01904026143862756	0.01935617577472558	0.019363680521621233	0.01984298380036147	0.021230010701738654	0.021122470889508062	0.021340827259359228	0.02161083172951703	0.021347771868753408	0.021325154351197695	0.0	0.02155552060777159	0.019502530364235375	0.019593167592088196	0.019825718666538365	0.021694238854731297	0.019474580980811278	0.019017785075319784	0.019546680568122247	0.01909836262258258	0.019862964487788116	0.0194307946739287	0.021103302060338273	0.020978010306630247	0.02086394274822525	0.019265441705508327	0.01918521173999127	0.02004524606826654	0.023667049762076044	0.02339137760255838	0.02357430993940088	0.021179629444542672	0.02386749838526763	0.024109885360690152	0.023968270811692425	0.023048182322012303	0.020081432365070855	0.019334768324423622	0.019916355396219266	0.020059039758798355	0.019863351870052934	0.023501619798619446	0.023057047968382358	0.019294528255192976	0.019364826614970736	0.020348614603176232	0.021059772436967168	0.023729376511910285	0.023308939859603212	0.023435731677339172	0.023224846748914004	0.02334995898169326	0.02345508951910824	0.02558374278303495	0.01910489485492514	0.018400814149740246	0.020634162546015387	0.020359289745161532	0.024003644575888865	0.02438833632312884	0.024294184143442407	0.024595168161791366	0.02409319298538732	0.02445777369661968	0.02216305731824485	0.02202676121319006	0.024023584654420616	0.024325763236358943	0.02363732724939458	0.022020416473341062	0.02195329734404184	0.021199420151223815	0.020935140280141692	0.021059967943144624	0.02099640486034003	0.02340601400738622	0.023105205312626817	0.023410124490134403	0.02555693522683671	0.02538977206212173	0.02549596337050681	0.019859439606523404	0.019609284203135756	0.019841937862255247	0.022762844739032024	0.02343666402602654	0.024285693120992477	0.02435863472689758	0.023091472170679105
