10B	143629	0	0.12843611234536773	0.46061831915295853	0.47085302988060695	0.4488956685804321	0.45005254398488254	0.4630109188484966	0.45237524526475764	0.45148339072081883	0.6243909863679088	0.5585379182051953	0.28559612343039065	0.29710068395385525	0.3595235846955063	0.3231949334087716	0.34392275272253914	0.3299370605498568	0.3595397095527494	0.42440770067748956	0.3002230526930725	0.3177997924145606	0.3035436090617555	0.33546774798911216	0.4592870440398227	0.441316042309191	0.40344084908410927	0.40325070132345847	0.4278024021403897	0.491688060780516	0.49880358280137305	0.4873730363306053	0.4086677219102048	0.42855729261603437	0.4265691029723905	0.7942163553563805	0.5259346850665763	0.4837524960894362	0.461361529315733	0.43543680689603304	0.4089847590928065	0.4403089621020936	0.33253386005157454	0.3454307914003487	0.3623352960909612	0.4734985741828006	0.5066892487264884	0.4610832569735124	0.4901979631445402	0.33579073854487657	0.3352840078224919	0.32403543830103054	0.30260784076725655	0.36269631019575377	0.3201337071851348	0.3920902451707758	0.4114100860089364	0.3957590706133546	0.44542184490645015	0.4499030937122263	0.42605208371829734	0.3620671340005387	0.4061307866951164	0.3446933148586401	0.31506338134708645	0.307057693318134	0.2888447733722218	0.4555885410390714	0.43649626906023054	0.4375302459038684	0.47179890066053887	0.45501702977630404	0.480950205992672	0.48954879001355195	0.5868160649859386	0.5296069873340121	0.550480276963254	0.266524047773848	0.3163229875364104	0.28788321665391864	0.42567989236020076	0.475257420132873	0.49239249436618177	0.4841585731123574	0.45308786370873994	0.4713573612277786	0.488331607793051	0.45330339733407876	0.46797362381729163	0.31762580789354394	0.3220677256769976	0.3259541338435793	0.343032652963007	0.30491518920824434	0.5186545692203063	0.5152593158541231	0.3085436535815112	0.3152830306231245
10C	143630	0.12843611234536773	0	0.4124502170999481	0.4580044241816581	0.4255927349353183	0.48048600050580514	0.44003812019704985	0.4452083639496505	0.45990545929840226	0.6268712227946357	0.5285872545231383	0.3021446048438805	0.3213965034452754	0.33138810865157814	0.33058619427391184	0.33900702134539845	0.3121134717857393	0.3810445167276036	0.43580356083467986	0.30763359601126367	0.3126830054097046	0.3256883415247906	0.3362759227845434	0.42013837888889377	0.40669228907065663	0.3863077983152339	0.4385822694349889	0.45696938267204396	0.45694792438349524	0.4606853206550961	0.4659697507693204	0.41551368204351535	0.4230557389180789	0.4105258035717081	0.7909480150604455	0.49537408171399683	0.4361250363293956	0.44506127250644306	0.4322641811609629	0.399941116982215	0.4332682127190502	0.35510880737222955	0.3419553982595829	0.3553431406808307	0.4668642055064068	0.4696145776267465	0.44654516850912934	0.4726802115077741	0.3354196661627598	0.34661238953819784	0.33446715885817496	0.2990887582057743	0.3825315657970235	0.314308662326035	0.363742448671472	0.3635994127600527	0.36562102687866455	0.4300225355849636	0.4343065192990931	0.4155022105528537	0.36797791678577496	0.41693592964354986	0.2935176538437286	0.32569357504217217	0.3225030450258901	0.34025990954235585	0.4474721238930342	0.4136923550396812	0.4159376494562241	0.4587348482895655	0.41376456399528105	0.4731409879642194	0.4774908682814297	0.5423377327380111	0.5088768258217491	0.5251202146008368	0.2902019208515229	0.2967423503590284	0.3059015041262055	0.40669983197206017	0.4595188446046752	0.48275600355402104	0.4664425237133958	0.4621604856213219	0.4466855063021991	0.46565371548194134	0.40974116103389285	0.41989900142964653	0.3430756639091591	0.3135831769765642	0.3340660588532792	0.3448555351318453	0.33320318556225503	0.5399361479693324	0.5349474498162146	0.32052127909659117	0.3241733166909168
1213A	143636	0.46061831915295853	0.4124502170999481	0	0.08528650095446515	0.1446940129308989	0.5247682077783492	0.11407495701515763	0.13658294895058692	0.12404296480743951	0.2698964976318582	0.2154444285131433	0.4195393637277008	0.4184482030781792	0.4107737654760397	0.38925424185639446	0.4083216133277835	0.39992561610143657	0.3982342998597278	0.5064563233535406	0.43651172772950825	0.39084879847985443	0.40375875992688026	0.4047685245727235	0.45593938950467383	0.4628234883367528	0.4689994123352932	0.431149363416714	0.5000659549637516	0.12116262615230644	0.1346277655790759	0.15578512333206695	0.4452591607733384	0.45429135489675754	0.4329631027755566	0.8143996965626554	0.15319983321720687	0.1287532909361344	0.11608571658903945	0.45129532692959284	0.44098719343557924	0.4361914324619851	0.43088403864604075	0.39746359435463574	0.4245158380791975	0.16041425016751565	0.14456788017076938	0.15588686644897848	0.44986745981079157	0.41612925574269094	0.4150786749655356	0.4505127330367697	0.4150557807435295	0.4423278642995326	0.4311491548275282	0.19257308096497663	0.19218157303190883	0.2144486943639499	0.4783834594761729	0.48349459075624307	0.43895534647173784	0.47182769533586927	0.43359790275563903	0.44199523796930124	0.3287299829958232	0.33787604517949094	0.3520417319513662	0.15497790699683064	0.16812598899859665	0.15255923927733558	0.17914858462413544	0.09712984096363282	0.14520881423085488	0.4317789845244417	0.22016883965120232	0.14484415577746898	0.17002365188916357	0.3326007172012853	0.3794725894978596	0.3644393072002255	0.18237515515942176	0.19960330572648446	0.18895253823903913	0.12406431485769392	0.14045480687312614	0.11566339068018586	0.24506448863188943	0.21452818093131945	0.1857707173496238	0.4343801554051294	0.40034692363036944	0.4243036212278489	0.4360549038860955	0.4127101985950815	0.3049917542738721	0.27246861395126637	0.41223825927303853	0.40024614230577804
1213B	143637	0.47085302988060695	0.4580044241816581	0.08528650095446515	0	0.1048606038034548	0.49400660203942726	0.09303319126042714	0.10433141086063585	0.09842377820792578	0.22973926154567512	0.19925159577576543	0.4404790385323291	0.428543532250728	0.4180001538438648	0.4159284434732798	0.4355180387645426	0.4385933320323412	0.3929619012899755	0.5023578043192005	0.44263161014270674	0.42034163580564654	0.433226253927903	0.4307288109022328	0.5025592104463699	0.5130867960716907	0.5122901780632105	0.4212690609571511	0.48000815451664947	0.1175558161905455	0.14048624111083133	0.13668029741473914	0.459541235754494	0.48478474478406713	0.45709606513558504	0.8143996965626555	0.14740670008765147	0.14007332236720887	0.13260449304220612	0.48520796448689574	0.45203828189011713	0.4681380477486164	0.4350337178255553	0.41477048448349735	0.4341341234611444	0.14413810259631515	0.15322002751278335	0.13176370274040464	0.4974766144665384	0.4424056283837871	0.43803681138935624	0.4604765022262736	0.4399881428227195	0.44008225377415244	0.46944666048967365	0.23273484427760235	0.21892450012125597	0.2525468781382908	0.5251929345299134	0.5285403425950058	0.4851460031076722	0.4678919215547753	0.4503633553447408	0.4648912039607707	0.35134325838874003	0.3517885642831659	0.3500931418258395	0.1312152358579056	0.18047734884753358	0.17017163788494075	0.18265393091559778	0.1149496415654613	0.1587318505929353	0.4442614238941787	0.2255046195584453	0.12266437038852207	0.152172387533701	0.35856340278774795	0.40081578632722265	0.36928378340020407	0.154193679947092	0.2322679493018702	0.1899820228046474	0.08262171345972241	0.1275825219984049	0.12249763356444617	0.243336457325291	0.2597698789948415	0.1956466814417685	0.4235826423096916	0.42160018394586085	0.43084167371343746	0.44405700095093725	0.4178437421079702	0.2650806675397653	0.22200787833941998	0.4375290793362202	0.4277280398653019
1213C	143638	0.4488956685804321	0.4255927349353183	0.1446940129308989	0.1048606038034548	0	0.4915583212598496	0.16781140487578422	0.15088925856815424	0.15140450520007956	0.2636648847749609	0.23310694658222106	0.4120616436544315	0.392218480567283	0.4277122628166537	0.37537494262211585	0.39680588569970465	0.4266253888178649	0.3689203004169619	0.46643780162411974	0.41740460455843575	0.3808651101987366	0.39917425578894244	0.37006668127449177	0.5011828691426888	0.47119709680354727	0.477566270034464	0.4096546365513132	0.43090199049874217	0.18347650199036916	0.17643066206214614	0.17692535804571338	0.45679934140881906	0.46266619112635526	0.4513790338150392	0.8143996965626553	0.1855380400078566	0.18701653808989804	0.14758609026254937	0.4756604351026056	0.43537184494819575	0.46476212199712524	0.42585432036858484	0.4088121870852541	0.42549231434798523	0.16833409934594903	0.17517169649972847	0.18334977365982275	0.49197876808740804	0.37504844541201515	0.43111525956874974	0.4165551244910111	0.4063580749585481	0.41239532347274716	0.4422693607140179	0.2265606657209865	0.2143575985664802	0.24582033655300703	0.50215850562742	0.4906456556112207	0.4433014331473426	0.40141709375644413	0.4285312342384496	0.43353443077621495	0.35071027155010975	0.331385345272228	0.3673214968893669	0.16928817163115048	0.1925594585775673	0.181973577259945	0.18688190170474026	0.18007285103806997	0.18714666091781826	0.44469311555178137	0.2384678754811338	0.20486905550042098	0.22689240657586351	0.35140143210214925	0.39758489240471867	0.3650768672549275	0.18568585449026975	0.24923265334896305	0.23721636083715836	0.10399364972574957	0.1411154524766826	0.12599091837726697	0.24432908117797192	0.25897758208903215	0.2390878516100838	0.351858091842971	0.3934279428982216	0.40147438320442164	0.3763462607384511	0.38620363204888297	0.2653723575780893	0.26186704250751897	0.4005732302913157	0.38782012502503443
121C	143639	0.45005254398488254	0.48048600050580514	0.5247682077783492	0.49400660203942726	0.4915583212598496	0	0.5104992904509842	0.5233486739998545	0.509051478568872	0.5229449657368777	0.5670949123956252	0.43249172184943974	0.43549741951489324	0.40594983503033594	0.42206784472648623	0.3915209632850141	0.43361310354165744	0.42181554476197697	0.3201775562390471	0.4016105431889657	0.43308368577185047	0.39905592049071104	0.43780688115362765	0.5040819231558695	0.5413560497535648	0.5003163354156027	0.44103094933713843	0.3024272134773132	0.4807968467919147	0.4786899502377521	0.46804227279832206	0.49118982022168184	0.4954996259863423	0.4828441448265159	0.8208983350022249	0.495228201459996	0.5517738435042885	0.529395541735637	0.5136846683314639	0.47150082862066556	0.5026349420598583	0.39373236391594013	0.45169979152302603	0.421836491598852	0.5283552820721582	0.5112460045831976	0.5205960397582349	0.5464520631659706	0.4213924999173165	0.40068302269819783	0.43521678687578785	0.42875612917885647	0.4052838628244433	0.4159633350577446	0.5629126745823828	0.5438534394925673	0.5592678581208702	0.5065965671614621	0.5020812260887506	0.5090166826882868	0.4548643023501124	0.3223251072758885	0.4733529497465597	0.44608819967814367	0.42446303005656105	0.4035312439924995	0.557784192247925	0.5586935292012952	0.5758353921562401	0.5510535250477802	0.5427940728643572	0.532458600197411	0.4634436976439434	0.5797804706288697	0.5583262993234676	0.5630841568284746	0.4125049439499126	0.4749761990605904	0.4326357114104444	0.5396786212957227	0.5658473456817156	0.5689696131174707	0.5128125387656086	0.4917304529762362	0.5384040772178283	0.569071738376484	0.573706529529717	0.5684266915573045	0.3830669506319331	0.4173700582448535	0.4422925363809816	0.395453774305292	0.4016840822770412	0.5296088855112171	0.42499451004864375	0.4317506316705867	0.4146938602482327
1221A	143640	0.4630109188484966	0.44003812019704985	0.11407495701515763	0.09303319126042714	0.16781140487578422	0.5104992904509842	0	0.06410649011499642	0.05369512969430889	0.27123245368460686	0.22507979168938635	0.4002600698656355	0.40914801131895	0.39049838287260713	0.37664309312395794	0.39538562322009163	0.40259974488515604	0.3668468861038849	0.5076723160162155	0.41668845616439687	0.38020844832297535	0.39554487504097047	0.39302273268524024	0.49448229649071146	0.5020433858451169	0.5011963563103832	0.4342543212090478	0.5081376621370296	0.1610591134959869	0.1686591907168407	0.16385768521391048	0.44898357248548626	0.4558241472983588	0.46582919405852247	0.8143996965626553	0.17286708495318576	0.15587163176182228	0.1857511713840255	0.45113673723723763	0.422421049089679	0.4518718960991912	0.405539539254836	0.3811683933218498	0.41491926882609914	0.19785817077075712	0.20080208545594577	0.14660961771725695	0.48737326421575855	0.4047101487272223	0.39942382953187594	0.419657875539787	0.4018400353172947	0.4140495006479452	0.43483433896484586	0.22064709976320174	0.26359484334692207	0.24302036044514452	0.49612280929432945	0.5037276637927527	0.4740176771946397	0.44088700156675287	0.42647480407121524	0.42382167135794924	0.3528230181714964	0.3630579754429093	0.36411454392316195	0.1635313951901921	0.20932150787357745	0.16891229833242383	0.19831312533341738	0.11845570885181923	0.20154776199339167	0.4445556793267105	0.25059356909334346	0.16881961646199675	0.18117210069138687	0.31955988503427446	0.3782444779397263	0.3552016855733005	0.16818930360778825	0.22446601286006282	0.20866544673637413	0.1274758989430998	0.13042178346259103	0.14921737066335197	0.22782202713389402	0.2498214253029278	0.18706280930833577	0.37940423433985143	0.40479594152657716	0.3942463191591221	0.40292138197169397	0.37374159808976526	0.3234178541163214	0.26584619823323263	0.4026112369882292	0.3909412885590824
1221B	143641	0.45237524526475764	0.4452083639496505	0.13658294895058692	0.10433141086063585	0.15088925856815424	0.5233486739998545	0.06410649011499642	0	0.07024487298398288	0.26417848035963054	0.21680614655119224	0.3999713701631996	0.3926293501824527	0.3758894310800248	0.3763836753991262	0.40053876863323	0.402816738901773	0.3516223259246502	0.506230223844635	0.40212585759661307	0.38082053397077825	0.394647548823938	0.39273403298280435	0.49358781094317594	0.5053299796029749	0.4847150158504737	0.4182641936822243	0.4920444474535274	0.16250200070839543	0.1647055330934455	0.1608775393335104	0.4325022320255768	0.4556483390887602	0.44934785359861307	0.8143996965626554	0.19145178955425332	0.17057810702162962	0.1624301554908021	0.45139764551561734	0.42495392629232964	0.45595634153087505	0.39552196625546987	0.37629749390451694	0.40109577158652937	0.19565740567135642	0.20189471993240551	0.14508464089073947	0.4880820857892798	0.40442144902478633	0.40069132675222097	0.4195073777141152	0.40261724725865405	0.38966832503795845	0.434266022723462	0.23562373599729436	0.24781840670737387	0.25895944311251023	0.49596638319543707	0.50302410548064	0.4740754824869721	0.42225913001304377	0.43791559116993295	0.4235329716555134	0.35466513137692623	0.3553501973214103	0.3602866027359247	0.1466010441226562	0.2024656721695805	0.15608726189794503	0.18003055962211043	0.11531491461333003	0.1921898328122003	0.4440353533234987	0.2672824958309046	0.17183925387650353	0.19776698665535836	0.31633112256215573	0.38267382812825634	0.3332500608899085	0.14256707668108157	0.22773081509541412	0.20831937081699156	0.10545189357497868	0.12712345433630542	0.11923112101480843	0.2117933346420227	0.24699578258323063	0.18338408624898314	0.37911553463741554	0.40303598884660063	0.3937439779493396	0.4059551667947506	0.3753092868949863	0.3224039104636029	0.27699661874421017	0.4013625875522039	0.3920933063077989
1221C	143642	0.45148339072081883	0.45990545929840226	0.12404296480743951	0.09842377820792578	0.15140450520007956	0.509051478568872	0.05369512969430889	0.07024487298398288	0	0.26642725678108686	0.21704789090165336	0.4025156017949452	0.3909915197194531	0.3913047863017208	0.3740095753601419	0.39412189223312394	0.4016334153190898	0.3652352171535197	0.5044175529096451	0.41889849271025914	0.37958903527898846	0.3949254619969836	0.39205640311917406	0.5129111331401904	0.5213920079433803	0.5040383380474882	0.41230003363078255	0.4966098985799083	0.1506828982828786	0.1574287368139949	0.15362337040430993	0.43483130946268855	0.45747109028563737	0.46867117579562745	0.8143996965626553	0.16825680393731873	0.15653284098506423	0.17950072954703877	0.4508263282705313	0.4249526218600776	0.4524753471624561	0.41641872622789067	0.3859054179357353	0.417441890144598	0.17430708231146982	0.19537636654531212	0.14544013332003372	0.48990483698615717	0.403743819161156	0.4015874579858694	0.41690047406469494	0.40068499515901046	0.40832189557218146	0.4546219763364161	0.21842316957489477	0.2648691644694928	0.2403583019045586	0.5000332918560942	0.5048468566775172	0.47604132123541915	0.41994955560714914	0.4501432381510056	0.4416421438359107	0.34561328975971817	0.3607352396493219	0.34033193378180515	0.16444198900727672	0.2184530290213203	0.1731602717471676	0.18804107058806918	0.12368208418321543	0.1907674010687782	0.44237024408909964	0.24928101006401762	0.1719267721408843	0.18128903439951097	0.31938031861453403	0.38295379455849754	0.3561003211140146	0.1655831329832737	0.22209165865671807	0.19698114397130526	0.12314338317118698	0.11901199084455659	0.13821131617656315	0.2330104508606309	0.2639743975230149	0.18609654995543282	0.3784379047737852	0.40708300789801044	0.39319849070917323	0.4194556234057647	0.3739302955884117	0.31855415810385335	0.26346879258165634	0.40068495768857354	0.38997495899301626
1255B	143650	0.6243909863679088	0.6268712227946357	0.2698964976318582	0.22973926154567512	0.2636648847749609	0.5229449657368777	0.27123245368460686	0.26417848035963054	0.26642725678108686	0	0.18935399883574783	0.5837405726751976	0.5644034136317017	0.5744260979334884	0.5521988400741621	0.5523396023946577	0.5706220675812509	0.5581051697652091	0.607337185093094	0.5962305890635936	0.5598152180736589	0.5754910794281831	0.5432722786524113	0.591677710913889	0.5840669061216699	0.5934893337236654	0.5224713574574947	0.5006290880911244	0.2105433773795913	0.18945829927226157	0.19004097304008274	0.5489278334969397	0.5506983691480638	0.5487014381544637	0.8143996965626552	0.1991813496387725	0.26503342196794916	0.2255443694625707	0.5628852000692594	0.5452534045383043	0.5404639431289817	0.5625383174691678	0.5578851280603123	0.5831391882164839	0.24149723339301313	0.2083467048104836	0.23742470239489294	0.5604537185721365	0.5535582384562702	0.5656405895459512	0.5721992524277236	0.577523121099787	0.565806174532706	0.5953950873793225	0.3954128010720584	0.380556653966445	0.4093104854752072	0.5861216420465735	0.584600720304666	0.5666616754562347	0.5754984681768995	0.5789286252986154	0.5834798318551702	0.4895792998663224	0.48415797658843474	0.48318475058718824	0.26369310456588363	0.2845107305726589	0.2905696043677567	0.28718498616403254	0.2695110960550123	0.2706732619137961	0.49437919460734575	0.2250404298392606	0.2048155932360828	0.2062375312919583	0.509781765350143	0.5512502516156256	0.520206469537869	0.2797246261777887	0.32405998227587496	0.28498376656755336	0.2088982981249954	0.20941774687163048	0.25565484014311785	0.29002121117157337	0.3457302538307012	0.3155961910447102	0.536622724539213	0.5631578465814737	0.5658717356801971	0.5593357307152004	0.5628317652230764	0.23691588790894058	0.23958564335171567	0.5769876342657134	0.5482377579030149
1255C	143651	0.5585379182051953	0.5285872545231383	0.2154444285131433	0.19925159577576543	0.23310694658222106	0.5670949123956252	0.22507979168938635	0.21680614655119224	0.21704789090165336	0.18935399883574783	0	0.525751286801221	0.5042390110678581	0.5263981210140289	0.48996550198990707	0.5275163123879695	0.5230297723104897	0.47735239795277573	0.5824879027651437	0.5323017854411407	0.497539432793792	0.5140984486895017	0.49636174061444244	0.5457614704325465	0.5500973720412456	0.5367147986496946	0.5192865402475428	0.5329037592350923	0.15705535776537657	0.14992687508969862	0.14908908910094457	0.492658136625702	0.5158303010590494	0.5181615383637707	0.8143996965626553	0.163881200420037	0.178612009736296	0.17369788302795497	0.5102402413159337	0.5096542064428065	0.5283564273853955	0.518056708988728	0.5091262008882396	0.5371550737245678	0.17452940286251517	0.16987656563381276	0.15450000839593425	0.5289040487866679	0.5109634414872642	0.5215584737872709	0.5514603536468469	0.5130770507579658	0.5438387954854016	0.5327752168818708	0.2864584300701561	0.30921159354738864	0.30529042245569016	0.5517454944799096	0.5508711069013991	0.552915511434199	0.5332927998661849	0.595952217688904	0.5427946526197186	0.4318072897370037	0.41128074024801037	0.44296505039615774	0.1928066504246225	0.23188538000378053	0.18584986912301785	0.2198671151533687	0.18896767581983645	0.2519178727537302	0.5098280733550128	0.15660401550775577	0.13825471727709068	0.1443629178661731	0.46472469875295136	0.4846376418559361	0.4738573834927353	0.23979004407568455	0.2757361851647233	0.24907877183792854	0.18321628073364019	0.18687811686559777	0.19825226896736672	0.2715034027744582	0.27757201458594316	0.22352589631352549	0.5160034615561147	0.526185664154216	0.5073488665829519	0.5163311051858236	0.504454415785495	0.23683673644545405	0.2906223395873182	0.5092400630450393	0.48476236424247154
1261A	143652	0.28559612343039065	0.3021446048438805	0.4195393637277008	0.4404790385323291	0.4120616436544315	0.43249172184943974	0.4002600698656355	0.3999713701631996	0.4025156017949452	0.5837405726751976	0.525751286801221	0	0.08590333964817551	0.19840423052736567	0.1095446773723806	0.13185822020219348	0.12637078271675672	0.21566981680936473	0.3759049395019947	0.13760505627874933	0.11381495911073117	0.08363394556307274	0.12317551905131645	0.33212546733702286	0.3092193172499264	0.2914046429027819	0.23447286780430804	0.40595071928927895	0.45309916592040117	0.4614273190712361	0.44926076825202793	0.28494792594952484	0.27942621694061703	0.29552569812209484	0.8045818568483418	0.49390623074020235	0.4312370700391367	0.42468699170737784	0.33355546125220165	0.302641902147741	0.3421785143498615	0.18691757748369497	0.11804231359832422	0.18479636905896407	0.4433285069412468	0.4734718751664643	0.42335388407304325	0.35139097849266393	0.10463952652657377	0.0965865598308319	0.1124913015330435	0.12281315213233614	0.1880643780164652	0.0919251579394749	0.36432434175466905	0.3981614133725318	0.368934722129953	0.2934687197141497	0.31627269583154705	0.28342670271254633	0.15798071906561803	0.26257623489481946	0.17403806954842393	0.3134003610715072	0.33250934760295353	0.3446501781861167	0.4271488518519891	0.41265884162945593	0.4111250220695894	0.4402627828787804	0.42441365810258114	0.4580201360651806	0.3339341695294295	0.5552577372355909	0.4957427348034981	0.5156961989963613	0.20194501718019955	0.2179560618725912	0.2189027498077428	0.37401378428800724	0.40692681623783367	0.42226231122114577	0.4533494831298425	0.40857404278420206	0.43630511123208854	0.43656695534094114	0.4197539689757783	0.430441656045724	0.14012316831045682	0.13661934315086685	0.12227515255583389	0.12580129981628194	0.10599741121180724	0.5336855782985854	0.5125158166752841	0.10251220278917927	0.08622151950175333
1261B	143653	0.29710068395385525	0.3213965034452754	0.4184482030781792	0.428543532250728	0.392218480567283	0.43549741951489324	0.40914801131895	0.3926293501824527	0.3909915197194531	0.5644034136317017	0.5042390110678581	0.08590333964817551	0	0.15639293116870556	0.10256174864865836	0.1272526466024124	0.14099831587820102	0.2102721522485157	0.39530031091762285	0.11083965578818027	0.08816065113550048	0.09725283636794639	0.09587396588138607	0.3173970271377286	0.2905133025071312	0.2760087379535581	0.22761810224151596	0.3996711977118312	0.42379759656896543	0.42775084979299227	0.43820049525400073	0.2529973582134584	0.2647425236431492	0.25110352566960054	0.8046405489615587	0.46103010253561705	0.4168262000443752	0.42747778322340835	0.3209385364078771	0.2870523953296606	0.3314195834642944	0.16112475288872477	0.0952748114548103	0.17668790649697752	0.42964116866044433	0.44407633490048254	0.4130838443853499	0.3189776807820046	0.07905206588998173	0.10172045139621726	0.11450864774766525	0.09062016808439548	0.1754035619790866	0.09876074316767824	0.3489876829718852	0.38793606233180516	0.35600127922372643	0.2915080123773891	0.30460986036982435	0.25953144104402553	0.1448800425898734	0.2760121121616235	0.1721116793625499	0.33082041186165567	0.3201824751428533	0.3401956847016961	0.4190370376726084	0.390881030139545	0.3823750369961229	0.42463887474940715	0.39865210430050846	0.42590399359434505	0.30558740247752975	0.5102465706525512	0.4817294748416733	0.4984352474557162	0.21919762077176239	0.22794746549380485	0.21872401984247863	0.36481350089078285	0.3545318645290029	0.409855323316703	0.4426290996686856	0.3961764492675286	0.4178575045488404	0.42728186541398344	0.3980595647872693	0.40568095623309536	0.1667052159297784	0.11827130262137761	0.11612088834003464	0.13681587470971934	0.11553762066130109	0.5124057800732775	0.5033958946837886	0.09240639881319439	0.08253191043520675
1261C	143654	0.3595235846955063	0.33138810865157814	0.4107737654760397	0.4180001538438648	0.4277122628166537	0.40594983503033594	0.39049838287260713	0.3758894310800248	0.3913047863017208	0.5744260979334884	0.5263981210140289	0.19840423052736567	0.15639293116870556	0	0.17810745709549755	0.14520791696936514	0.18748660298864098	0.21535823695006	0.36178629685810765	0.14045066577603002	0.1648983029700032	0.17520336055753427	0.19835024457847544	0.3411197070847212	0.34618909851458884	0.318316113918978	0.2857951033463212	0.38855467981952485	0.42090463078359347	0.4341193666778008	0.44080926907342893	0.3060766621054754	0.3267758796294006	0.2871071841221833	0.8208983350022249	0.47318354557166814	0.423404141653566	0.4443891259308991	0.36437553785298904	0.33852841397961	0.3708444248930785	0.18569349189923642	0.18540043611407003	0.18455725592272523	0.4748885446875175	0.4671030914748417	0.4210096301817511	0.3705798371877947	0.17767300406887598	0.16082988256479533	0.1910437315886955	0.1391073322788131	0.22873773559971336	0.18158599452406443	0.39631840464295687	0.38816233312487863	0.3991973734786702	0.3537415944804987	0.3699666793898378	0.3406451592773634	0.1796037135023128	0.2510620042279751	0.2151918000252118	0.3645220861811885	0.3597124860935241	0.37176697488908717	0.43098613427968213	0.4021309034032459	0.41467570888089056	0.4456934123132893	0.37717321616853805	0.44331881754565183	0.3156012764241927	0.5368214530686825	0.47036454460576005	0.4965296322790954	0.2532950869727159	0.32145658055438925	0.2708150496880356	0.37855133415317366	0.37301793126173277	0.4534682914880067	0.43946246167658576	0.4037228186606505	0.4339193491703367	0.436265539301222	0.4063003881766176	0.40339021483707727	0.2451533753774534	0.16335437785966844	0.1875224079011996	0.2049975824188301	0.18749168994208518	0.5694509161142357	0.4957029277311538	0.174937019724741	0.1802780128175875
1262A	143655	0.3231949334087716	0.33058619427391184	0.38925424185639446	0.4159284434732798	0.37537494262211585	0.42206784472648623	0.37664309312395794	0.3763836753991262	0.3740095753601419	0.5521988400741621	0.48996550198990707	0.1095446773723806	0.10256174864865836	0.17810745709549755	0	0.0745582639264844	0.10644053036649218	0.18569394863534028	0.3500125972315222	0.12455040703815407	0.10429963666474297	0.05690152764629354	0.0684123393464551	0.3032850134948377	0.2697847409481006	0.2616105212822907	0.21577116123484216	0.3502006278990512	0.4167587576601969	0.4158416411990924	0.42068333958522897	0.27054687617920375	0.26813326675010196	0.2675388102776825	0.8208983350022246	0.45201708050337985	0.41191447868671693	0.4041020508899681	0.3025854140185936	0.26930119701245997	0.3103015721128009	0.15027428116934047	0.12237694152000636	0.17522645240416077	0.4149508463680043	0.43142186292351226	0.4102264022394702	0.30346599417291464	0.09262552735780266	0.09007841744217371	0.129741578531901	0.0994556813293813	0.15309829950503756	0.12062494289237898	0.31698282925521076	0.37774352862676397	0.32330076049719486	0.27706066636351223	0.2694369239569618	0.25867448565763174	0.13534283292371957	0.2099503452850919	0.1515005788376202	0.28956005145977154	0.3087118899216654	0.3271905948753154	0.40132227898544076	0.38261598051038886	0.36888889717518497	0.40864588152952264	0.38165345298830383	0.40623060584002124	0.29832811105330365	0.5003765258106402	0.4717267954920355	0.4945650653528126	0.1837457880844318	0.22674680670526423	0.22127482220703276	0.35565166562705064	0.3663176882174465	0.4011516973734212	0.42380800011029685	0.37467335221757886	0.4030748108582464	0.4015737628229979	0.3724864620249625	0.39039044377282817	0.11832961306122172	0.10101674152629375	0.11068640084016557	0.09594767758955794	0.07242428495747817	0.5061055718727209	0.49073918951061435	0.07081932207900939	0.07780406421162535
1262B	143656	0.34392275272253914	0.33900702134539845	0.4083216133277835	0.4355180387645426	0.39680588569970465	0.3915209632850141	0.39538562322009163	0.40053876863323	0.39412189223312394	0.5523396023946577	0.5275163123879695	0.13185822020219348	0.1272526466024124	0.14520791696936514	0.0745582639264844	0	0.10003290300451843	0.2231721263643288	0.3718208996974338	0.1493483123363378	0.12439237838153035	0.08713914902385328	0.09188568913580662	0.3192990938245358	0.30105494320352527	0.29445571279021926	0.23340202193948645	0.3570532680167473	0.42748368302977363	0.41283100271106254	0.4169978467434801	0.28547364430903516	0.2632853939039831	0.2805761738510139	0.8208983350022246	0.44800212823954727	0.42938855891972666	0.4408867552788991	0.31548678568992566	0.2842342277477625	0.3290166783565084	0.14496357174416002	0.13356858297090587	0.17725312223755077	0.4181084624650709	0.42546954714223656	0.4210120642866517	0.31995300443326463	0.10533340278270013	0.09339754348015669	0.11076607170070195	0.10668663879289458	0.18243865517197447	0.1409143222137429	0.3358680433404433	0.3784670533995938	0.34452211411638456	0.27559755750405596	0.26643955251816615	0.2526830753500897	0.1427202125772293	0.21055072446384399	0.1735913496719833	0.31155633348303924	0.34736749567134867	0.346712281569983	0.4202558545096072	0.3999364636645772	0.403017955859188	0.40882691875349597	0.38301810301874234	0.40231268295158346	0.2939114709277343	0.5175358431546875	0.4856924161262127	0.5093980591638406	0.20705050492577298	0.2448076503063649	0.2428902618570518	0.37571181157753036	0.38385722491444857	0.4219913544295638	0.42600192664850095	0.3806281138757686	0.40669135304783727	0.4004485718599588	0.3753708189093644	0.391965576294045	0.1416428050544294	0.10971506047751986	0.11327400161796647	0.11839964459758358	0.11086401899134214	0.5235858185607304	0.480520067749387	0.09770499738603253	0.11100510335721471
1262C	143657	0.3299370605498568	0.3121134717857393	0.39992561610143657	0.4385933320323412	0.4266253888178649	0.43361310354165744	0.40259974488515604	0.402816738901773	0.4016334153190898	0.5706220675812509	0.5230297723104897	0.12637078271675672	0.14099831587820102	0.18748660298864098	0.10644053036649218	0.10003290300451843	0	0.24169827077574937	0.41297875945304824	0.1529098029156945	0.10788101045868859	0.09691803050813252	0.13332902119354795	0.2978611494984827	0.2969054232883726	0.27055738510401955	0.2125238085280327	0.3776123035134538	0.4238826322045069	0.42710126464808074	0.4357943581934662	0.28440145077536655	0.27831932598814135	0.2764988381555017	0.8208983350022246	0.46089450716323116	0.41569203995167	0.44782074306617903	0.2994415834503952	0.28027473536579534	0.3046374963782296	0.15467800793710737	0.12477884439089865	0.17975437540333045	0.42724114987815165	0.44371135436661724	0.416068390582098	0.30205891658495704	0.1453250777951615	0.1019522836343931	0.17124618035947223	0.12562643624366512	0.19900288046804615	0.12358626734971229	0.34990490825923615	0.3428390394813553	0.3350938214843383	0.2805914357928803	0.2766149828222948	0.27468185504341225	0.18823426616474007	0.2485526745110808	0.12617042648640148	0.31984513678020793	0.3563112613581165	0.35710484170127554	0.43577378931333227	0.4145085117976269	0.41578196762510977	0.46220827043142443	0.4153456288127766	0.44169889618549985	0.32571498102921853	0.5355796387935677	0.4974697353314396	0.4967339117390946	0.21644846590275524	0.21142861204889485	0.2365020456533989	0.3782219287067118	0.3545267584486971	0.4050445009105766	0.44901538197480934	0.40864213994912507	0.43311272459453165	0.4004749482121795	0.3880869062614577	0.4033036501825851	0.1741975682724256	0.11015392728790005	0.09471053553746588	0.172255382957209	0.12979682873384848	0.5431760951967045	0.5119080075047931	0.110810438524542	0.11028920795090036
1263A	143658	0.3595397095527494	0.3810445167276036	0.3982342998597278	0.3929619012899755	0.3689203004169619	0.42181554476197697	0.3668468861038849	0.3516223259246502	0.3652352171535197	0.5581051697652091	0.47735239795277573	0.21566981680936473	0.2102721522485157	0.21535823695006	0.18569394863534028	0.2231721263643288	0.24169827077574937	0	0.32042537532631493	0.20371849231861447	0.224934204465748	0.20604914087489543	0.22449836813651974	0.3701441247928921	0.3510443967011486	0.33033321167821444	0.2710033382050508	0.3672436265587897	0.4152199545984467	0.4289260233224649	0.41042928268121587	0.3307795595893842	0.3482359932802871	0.3180581426338328	0.8208983350022248	0.4646172649647676	0.44049296783218067	0.39645860253460385	0.36856981176791487	0.3482157728386709	0.38195136939273705	0.24037906081166252	0.2583296362284264	0.21795791084274183	0.45503357941389366	0.460616800365177	0.39644629058497566	0.4025292801884027	0.240594383017274	0.2275791596076142	0.25373765975968265	0.23436114100858826	0.2462789061435791	0.22960440849225433	0.38498131234435207	0.3951112643552005	0.38460845060126453	0.3650594027424343	0.34871538005191655	0.34640912381475614	0.20432451762650344	0.2618754730621846	0.2553302891248716	0.38617827942617516	0.35420746155144067	0.38710883036811505	0.3976877252988229	0.41064766290070154	0.383773696957798	0.4028751564112717	0.36878427175808104	0.41849899342180397	0.3740923268400939	0.5110032397457728	0.45496580349284765	0.48508450082107063	0.27624747915153136	0.3011874150413201	0.2437494329413144	0.3706845700020977	0.4133497948351165	0.4300774973940063	0.39851683516290176	0.3911646245448991	0.3949040683243261	0.4171391949560887	0.4277228676079039	0.40855320063251016	0.23211668433107857	0.22388780369937644	0.23231566282629693	0.20963640261943378	0.20559897403339833	0.556215029628776	0.4778609051508678	0.1940977818848593	0.2250060909956374
1263B	143659	0.42440770067748956	0.43580356083467986	0.5064563233535406	0.5023578043192005	0.46643780162411974	0.3201775562390471	0.5076723160162155	0.506230223844635	0.5044175529096451	0.607337185093094	0.5824879027651437	0.3759049395019947	0.39530031091762285	0.36178629685810765	0.3500125972315222	0.3718208996974338	0.41297875945304824	0.32042537532631493	0	0.3535900493356637	0.3762583923085037	0.34915385830471535	0.36918758194674356	0.45778917308562167	0.4453307519773359	0.4719782971209753	0.41705418726118365	0.2664047270197036	0.5270566078800983	0.532586821068059	0.5166834777664647	0.4848062142804589	0.481680969963536	0.47288376408507227	0.8208983350022248	0.5599475809355257	0.5468811597560512	0.5164843564354296	0.4887584620833794	0.47611460302515446	0.4895011458633012	0.3643989997032872	0.41238987733971255	0.36310823291566147	0.540345447354591	0.5348549555767919	0.5383068271046685	0.5117765102923733	0.3730160422645231	0.38891034677078096	0.3936857584847446	0.3878158931549187	0.36817426929846486	0.394161779757624	0.5010743620556138	0.5047531412887967	0.4867875043530755	0.4611404825996665	0.45317064329212536	0.45012513564264206	0.3361717738002376	0.28467134606528344	0.43556321352791255	0.4136976590287949	0.38239639741126974	0.38170628262463596	0.5458339533596149	0.49764597684395584	0.5403064153210178	0.5044061646370801	0.5116304143974569	0.5368414676446656	0.4090528124869548	0.5898214265766064	0.590397664477954	0.6125067977087728	0.353551790582762	0.4243422422434601	0.3618344230426523	0.5360563230490779	0.5323956540105542	0.5599264539167597	0.5158645917905261	0.48832752153143866	0.5217055384219095	0.5551593584955337	0.5265585915012426	0.5416882409446018	0.30486772233710113	0.36216514930949595	0.38842160763800704	0.32554318078606836	0.3398695609941651	0.5336233035521761	0.48202071255259427	0.3811856361301827	0.38637129680101384
1263C	143660	0.3002230526930725	0.30763359601126367	0.43651172772950825	0.44263161014270674	0.41740460455843575	0.4016105431889657	0.41668845616439687	0.40212585759661307	0.41889849271025914	0.5962305890635936	0.5323017854411407	0.13760505627874933	0.11083965578818027	0.14045066577603002	0.12455040703815407	0.1493483123363378	0.1529098029156945	0.20371849231861447	0.3535900493356637	0	0.1255043685821027	0.10345990466816023	0.14748974363807443	0.335674932228258	0.30351518186015286	0.2810069849159486	0.27077879309996783	0.3733074114918125	0.4450510889822628	0.4561390034291986	0.4619243909984444	0.32021137268296174	0.33633504334277026	0.30052873747318665	0.8208983350022246	0.49242369046251816	0.4412495734253711	0.4459285127685722	0.37451307832282155	0.34073842682291033	0.3855208774316562	0.14290147252763025	0.1567175376636034	0.14499052603189813	0.47152485869336386	0.4667946979369042	0.4362538411154995	0.37820397796281147	0.13122962009810887	0.11111545578735135	0.1777464266459669	0.11909346639330597	0.18133183520452914	0.0822325496529833	0.39409978141895224	0.38350735352579524	0.3929286949303962	0.3424256600668073	0.3562484609379793	0.32867106184348116	0.1766277079490059	0.24756649051886628	0.16858912477771393	0.3323645168009391	0.3071689188148684	0.31968730718465777	0.4304088010047957	0.4130536002769185	0.3977403729118787	0.46930123054419504	0.4126169293803935	0.4654668626132549	0.33693972767563535	0.5402230422956639	0.49637189729372866	0.5238812341845526	0.2150956300809978	0.2718548498792006	0.2351030893995686	0.3810068303169801	0.3827868138772696	0.46208066523290436	0.4623286426580429	0.41054418461759035	0.4447756949963877	0.4209058503769379	0.4278272371398142	0.42180653126100437	0.17358490559555995	0.16296404247371288	0.15496519922776983	0.13557592864985366	0.1159642079790254	0.5328181818632272	0.5221233026283076	0.1009478325111843	0.1262332908936661
1264A	143661	0.3177997924145606	0.3126830054097046	0.39084879847985443	0.42034163580564654	0.3808651101987366	0.43308368577185047	0.38020844832297535	0.38082053397077825	0.37958903527898846	0.5598152180736589	0.497539432793792	0.11381495911073117	0.08816065113550048	0.1648983029700032	0.10429963666474297	0.12439237838153035	0.10788101045868859	0.224934204465748	0.3762583923085037	0.1255043685821027	0	0.09397567554674066	0.09542181755443682	0.2724501321587924	0.24351041161793174	0.26672828762640394	0.2150764161954079	0.3759566005571028	0.4223396989803601	0.42050555690317215	0.42926091801666805	0.25819402235146516	0.2558994991727194	0.25537459277731656	0.8033783172458484	0.45325056421793514	0.41449448327316685	0.42089335682700085	0.2745042584143366	0.23964311112802916	0.2836394785391721	0.18417070226508586	0.10824906395741016	0.17269581653788132	0.4165456912159234	0.4335196016895799	0.4118938226373293	0.2756743589219069	0.07663115133600762	0.09768361537498954	0.13832657271070573	0.07941643630271132	0.20391125998362017	0.1267504825041656	0.3270356415164276	0.3818029612904505	0.33058780544927013	0.25988448795951424	0.2828311142675821	0.23837028041495187	0.14334883680633034	0.26001848894946794	0.15850265697150284	0.3010103684475817	0.31100241208288204	0.3287228503511525	0.4182919511956505	0.3954388678247636	0.38144132458667745	0.42200573856655554	0.39773404577175087	0.4198298592578513	0.2891059192426154	0.5104995030807761	0.47828799599352234	0.4941201221839021	0.18876693663728594	0.21489726324371125	0.22260814279647242	0.3563833117078281	0.33280980025546414	0.4177538512333448	0.4260784811471596	0.37846929173732585	0.4067302826116235	0.4100160840875173	0.3842105157483499	0.4027251271699454	0.12919959190677635	0.10910693427161068	0.09783815547166129	0.14866125505273015	0.11550163166693025	0.5090676738651378	0.49092177905665396	0.10070823613124423	0.08094420724364834
