119
2          0.0000000 0.0197540 0.0193714 0.0440370 0.0233982 0.0115127 0.0199114 0.0078621 0.0118305 0.0118305 0.0118305 0.0038140 0.0039186 0.0233192 0.0080520 0.0078621 0.0039186 0.0233192 0.0238635 0.0237814 0.0237814 0.0078621 0.0038286 0.0201208 0.0209106 0.0118708 0.0233192 0.0078887 0.0237814 0.0237814 0.0093727 0.0118305 0.0238635 0.0118305 0.0039496 0.0237814 0.0078887 0.0078887 0.0079244 0.0118305 0.0118708 0.0237814 0.0078887 0.0078887 0.0237814 0.0078621 0.0118708 0.0238635 0.0078621 0.0197540 0.0078621 0.0278336 0.0238635 0.0078621 0.0202337 0.0237814 0.0243477 0.0279302 0.0237814 0.0077020 0.0078621 0.0237814 0.0360160 0.0319117 0.0237814 0.0238635 0.0238635 0.0118305 0.0774080 0.0158783 0.0118708 0.0118305 0.0079877 0.0237814 0.0118708 0.0636075 0.0199114 0.0080520 0.0039186 0.0728564 0.0038286 0.0237814 0.0157532 0.0118305 0.0233192 0.0278336 0.0198434 0.0078621 0.0278336 0.0115509 0.0237814 0.0280275 0.0118305 0.0233192 0.0237814 0.0197540 0.0076768 0.0078621 0.0197540 0.0237814 0.0237814 0.0199017 0.0233982 0.0158155 0.0238635 0.0361421 0.0237814 0.0155014 0.0077361 0.0238635 0.0238635 0.0078621 0.0316108 0.0078621 0.0118305 0.0078621 0.0272910 0.0238635 0.0237814 
71170      0.0197540 0.0000000 0.0320230 0.0493603 0.0362691 0.0237814 0.0000010 0.0118305 0.0078007 0.0078007 0.0078007 0.0157532 0.0078621 0.0361421 0.0208235 0.0118305 0.0078621 0.0361421 0.0038710 0.0038581 0.0038581 0.0118305 0.0158155 0.0242237 0.0000010 0.0158783 0.0361421 0.0118708 0.0038581 0.0038581 0.0000010 0.0078007 0.0038710 0.0078621 0.0118305 0.0038581 0.0118708 0.0118708 0.0119246 0.0078007 0.0158783 0.0038581 0.0118708 0.0118708 0.0038581 0.0038881 0.0078270 0.0038710 0.0038881 0.0000010 0.0038881 0.0077403 0.0038710 0.0118305 0.0000010 0.0038581 0.0377921 0.0077662 0.0038581 0.0280275 0.0118305 0.0038581 0.0155778 0.0116468 0.0038581 0.0038710 0.0038710 0.0078007 0.0819907 0.0199114 0.0158783 0.0158243 0.0039496 0.0038581 0.0158783 0.0680797 0.0158783 0.0039810 0.0078007 0.0774080 0.0158155 0.0038581 0.0038581 0.0078007 0.0361421 0.0077403 0.0157000 0.0118305 0.0077403 0.0238635 0.0038581 0.0077920 0.0078007 0.0361421 0.0038581 0.0000010 0.0198228 0.0118305 0.0000010 0.0038581 0.0038581 0.0038860 0.0362691 0.0000010 0.0038710 0.0156301 0.0038581 0.0320230 0.0280421 0.0038710 0.0038710 0.0118305 0.0449365 0.0038881 0.0078621 0.0039186 0.0402877 0.0038710 0.0038581 
517        0.0193714 0.0320230 0.0000000 0.0235579 0.0038265 0.0233192 0.0322814 0.0199114 0.0239714 0.0239714 0.0239714 0.0154490 0.0158783 0.0038140 0.0203987 0.0199114 0.0158783 0.0038140 0.0362691 0.0361421 0.0361421 0.0199114 0.0155089 0.0326255 0.0339240 0.0240549 0.0038140 0.0199812 0.0361421 0.0361421 0.0237978 0.0239714 0.0362691 0.0239714 0.0160053 0.0361421 0.0199812 0.0199812 0.0200712 0.0239714 0.0240549 0.0361421 0.0199812 0.0199812 0.0361421 0.0199114 0.0240549 0.0362691 0.0199114 0.0320230 0.0199114 0.0402877 0.0362691 0.0199114 0.0328110 0.0361421 0.0039788 0.0404299 0.0361421 0.0274774 0.0199114 0.0361421 0.0486594 0.0444601 0.0361421 0.0362691 0.0362691 0.0239714 0.0869379 0.0281549 0.0240549 0.0239714 0.0202337 0.0361421 0.0240549 0.0728564 0.0322814 0.0203987 0.0158783 0.0823045 0.0155089 0.0361421 0.0279302 0.0239714 0.0038140 0.0402877 0.0321684 0.0199114 0.0402877 0.0313947 0.0361421 0.0405732 0.0239714 0.0038140 0.0361421 0.0320230 0.0194375 0.0199114 0.0320230 0.0361421 0.0361421 0.0322647 0.0038265 0.0280421 0.0362691 0.0488327 0.0361421 0.0274774 0.0275999 0.0362691 0.0362691 0.0199114 0.0116287 0.0199114 0.0239714 0.0199114 0.0076515 0.0362691 0.0361421 
674310     0.0440370 0.0493603 0.0235579 0.0000000 0.0276664 0.0481955 0.0497698 0.0366938 0.0409051 0.0409051 0.0409051 0.0399050 0.0325100 0.0275716 0.0464548 0.0366938 0.0325100 0.0275716 0.0538460 0.0536511 0.0536511 0.0366938 0.0400649 0.0501340 0.0523768 0.0410518 0.0275716 0.0368248 0.0536511 0.0536511 0.0440590 0.0409051 0.0538460 0.0409051 0.0327764 0.0536511 0.0368248 0.0368248 0.0369955 0.0409051 0.0410518 0.0536511 0.0368248 0.0368248 0.0536511 0.0366938 0.0410518 0.0538460 0.0366938 0.0493603 0.0366938 0.0579704 0.0538460 0.0366938 0.0506095 0.0536511 0.0288049 0.0581818 0.0536511 0.0527533 0.0366938 0.0536511 0.0666948 0.0623182 0.0536511 0.0538460 0.0538460 0.0409051 0.1070535 0.0453067 0.0410518 0.0409051 0.0373022 0.0536511 0.0410518 0.0923165 0.0495897 0.0376140 0.0325100 0.1022282 0.0400649 0.0536511 0.0450976 0.0409051 0.0275716 0.0579704 0.0494109 0.0366938 0.0579704 0.0567945 0.0536511 0.0583948 0.0409051 0.0275716 0.0536511 0.0493603 0.0441916 0.0366938 0.0493603 0.0536511 0.0536511 0.0495642 0.0195033 0.0451208 0.0495387 0.0669403 0.0536511 0.0527533 0.0529950 0.0538460 0.0538460 0.0366938 0.0360495 0.0366938 0.0409051 0.0366938 0.0316108 0.0538460 0.0536511 
519        0.0233982 0.0362691 0.0038265 0.0276664 0.0000000 0.0273839 0.0365638 0.0240549 0.0281549 0.0281549 0.0281549 0.0194375 0.0199812 0.0076768 0.0246478 0.0240549 0.0199812 0.0076768 0.0405732 0.0404299 0.0404299 0.0240549 0.0195133 0.0369567 0.0384377 0.0282538 0.0076768 0.0241390 0.0404299 0.0404299 0.0237978 0.0281549 0.0405732 0.0281549 0.0201422 0.0404299 0.0241390 0.0241390 0.0242493 0.0281549 0.0282538 0.0404299 0.0241390 0.0241390 0.0404299 0.0240549 0.0282538 0.0405732 0.0240549 0.0362691 0.0240549 0.0446177 0.0405732 0.0240549 0.0371678 0.0404299 0.0080105 0.0447765 0.0404299 0.0316108 0.0240549 0.0362691 0.0530751 0.0488327 0.0404299 0.0405732 0.0405732 0.0281549 0.0919585 0.0323953 0.0282538 0.0281549 0.0244469 0.0404299 0.0282538 0.0777028 0.0365638 0.0246478 0.0199812 0.0872735 0.0195133 0.0404299 0.0321350 0.0281549 0.0076768 0.0446177 0.0364347 0.0240549 0.0404299 0.0355528 0.0404299 0.0449365 0.0281549 0.0076768 0.0404299 0.0362691 0.0234778 0.0240549 0.0362691 0.0404299 0.0404299 0.0365448 0.0077020 0.0322647 0.0405732 0.0532657 0.0404299 0.0316108 0.0317524 0.0405732 0.0405732 0.0240549 0.0156062 0.0240549 0.0281549 0.0240549 0.0115509 0.0405732 0.0404299 
38920      0.0115127 0.0237814 0.0233192 0.0481955 0.0273839 0.0000000 0.0239714 0.0118305 0.0158243 0.0158243 0.0158243 0.0076515 0.0078621 0.0272910 0.0121172 0.0118305 0.0078621 0.0272910 0.0279302 0.0278336 0.0278336 0.0118305 0.0076809 0.0242237 0.0251785 0.0158783 0.0272910 0.0118708 0.0278336 0.0278336 0.0093727 0.0078621 0.0279302 0.0158243 0.0079244 0.0278336 0.0118708 0.0118708 0.0119246 0.0158243 0.0158783 0.0278336 0.0118708 0.0118708 0.0197540 0.0118305 0.0158783 0.0279302 0.0118305 0.0237814 0.0118305 0.0319117 0.0279302 0.0118305 0.0243607 0.0278336 0.0284988 0.0320230 0.0278336 0.0194375 0.0118305 0.0278336 0.0401465 0.0360160 0.0278336 0.0279302 0.0279302 0.0158243 0.0819907 0.0199114 0.0158783 0.0158243 0.0120201 0.0278336 0.0158783 0.0680797 0.0239714 0.0121172 0.0078621 0.0774080 0.0076809 0.0278336 0.0197540 0.0158243 0.0272910 0.0319117 0.0238882 0.0118305 0.0319117 0.0233192 0.0278336 0.0321350 0.0158243 0.0272910 0.0278336 0.0237814 0.0115509 0.0118305 0.0237814 0.0278336 0.0278336 0.0239588 0.0273839 0.0198324 0.0279302 0.0402877 0.0278336 0.0273839 0.0195227 0.0279302 0.0279302 0.0118305 0.0356757 0.0118305 0.0158243 0.0118305 0.0312877 0.0279302 0.0278336 
1253898    0.0199114 0.0000010 0.0322814 0.0497698 0.0365638 0.0239714 0.0000000 0.0119246 0.0078621 0.0078621 0.0078621 0.0158783 0.0079244 0.0364347 0.0209984 0.0119246 0.0079244 0.0364347 0.0039012 0.0038881 0.0038881 0.0119246 0.0159416 0.0244209 0.0000010 0.0160053 0.0364347 0.0119655 0.0038881 0.0038881 0.0000010 0.0078621 0.0039012 0.0079244 0.0119246 0.0038881 0.0119655 0.0119655 0.0120201 0.0078621 0.0160053 0.0038881 0.0119655 0.0119655 0.0038881 0.0039186 0.0078887 0.0039012 0.0039186 0.0000010 0.0039186 0.0078007 0.0039012 0.0119246 0.0000010 0.0038881 0.0381122 0.0078270 0.0038881 0.0282538 0.0119246 0.0038881 0.0157000 0.0117380 0.0038881 0.0039012 0.0039012 0.0078621 0.0827046 0.0200712 0.0160053 0.0159505 0.0039810 0.0038881 0.0160053 0.0686640 0.0119246 0.0040130 0.0078621 0.0780796 0.0159416 0.0038881 0.0038881 0.0078621 0.0364347 0.0078007 0.0158243 0.0119246 0.0078007 0.0240549 0.0038881 0.0078532 0.0078621 0.0364347 0.0038881 0.0000010 0.0199812 0.0119246 0.0000010 0.0038881 0.0038881 0.0039165 0.0365638 0.0000010 0.0039012 0.0157532 0.0038881 0.0322814 0.0282686 0.0039012 0.0039012 0.0119246 0.0453067 0.0039186 0.0079244 0.0039496 0.0406149 0.0039012 0.0038881 
38924      0.0078621 0.0118305 0.0199114 0.0366938 0.0240549 0.0118305 0.0119246 0.0000000 0.0118305 0.0118305 0.0118305 0.0039186 0.0039186 0.0239714 0.0082855 0.0078621 0.0039186 0.0239714 0.0158783 0.0158243 0.0158243 0.0078621 0.0039340 0.0201208 0.0125218 0.0039319 0.0239714 0.0078887 0.0158243 0.0158243 0.0093727 0.0118305 0.0158783 0.0118305 0.0039496 0.0158243 0.0078887 0.0078887 0.0079244 0.0118305 0.0118708 0.0158243 0.0078887 0.0078887 0.0158243 0.0078621 0.0118708 0.0158783 0.0078621 0.0118305 0.0078621 0.0198434 0.0158783 0.0078621 0.0121172 0.0158243 0.0250596 0.0199114 0.0158243 0.0159336 0.0078621 0.0158243 0.0279588 0.0238882 0.0158243 0.0158783 0.0158783 0.0118305 0.0683356 0.0158783 0.0039319 0.0039186 0.0079877 0.0158243 0.0118708 0.0547532 0.0118708 0.0080520 0.0039186 0.0638455 0.0039340 0.0158243 0.0078621 0.0118305 0.0239714 0.0198434 0.0198434 0.0078621 0.0198434 0.0199114 0.0158243 0.0199812 0.0118305 0.0239714 0.0158243 0.0118305 0.0078887 0.0078621 0.0118305 0.0158243 0.0158243 0.0158783 0.0240549 0.0118305 0.0158783 0.0280567 0.0158243 0.0199114 0.0159416 0.0158783 0.0158783 0.0078621 0.0325100 0.0078621 0.0039186 0.0078621 0.0280567 0.0158783 0.0158243 
1180689    0.0118305 0.0078007 0.0239714 0.0409051 0.0281549 0.0158243 0.0078621 0.0118305 0.0000000 0.0078007 0.0078007 0.0078621 0.0078621 0.0280567 0.0124698 0.0118305 0.0078621 0.0280567 0.0117776 0.0117380 0.0117380 0.0118305 0.0078931 0.0242237 0.0082513 0.0158783 0.0280567 0.0118708 0.0117380 0.0117380 0.0046255 0.0078007 0.0117776 0.0078621 0.0118305 0.0117380 0.0118708 0.0118708 0.0119246 0.0078007 0.0158783 0.0117380 0.0118708 0.0118708 0.0117380 0.0038881 0.0078270 0.0117776 0.0038881 0.0078007 0.0038881 0.0157000 0.0117776 0.0118305 0.0079877 0.0117380 0.0293348 0.0157532 0.0117380 0.0199812 0.0118305 0.0117380 0.0236995 0.0196872 0.0117380 0.0117776 0.0117776 0.0078007 0.0819907 0.0199114 0.0158783 0.0158243 0.0039496 0.0117380 0.0158783 0.0680797 0.0239714 0.0039810 0.0078007 0.0774080 0.0078931 0.0117380 0.0117380 0.0078007 0.0280567 0.0157000 0.0157000 0.0118305 0.0157000 0.0239714 0.0117380 0.0158077 0.0078007 0.0280567 0.0117380 0.0078007 0.0118708 0.0118305 0.0078007 0.0117380 0.0117380 0.0117776 0.0281549 0.0078007 0.0117776 0.0237814 0.0117380 0.0239714 0.0199910 0.0117776 0.0117776 0.0118305 0.0366938 0.0038881 0.0078621 0.0039186 0.0321684 0.0117776 0.0117380 
1180700    0.0118305 0.0078007 0.0239714 0.0409051 0.0281549 0.0158243 0.0078621 0.0118305 0.0078007 0.0000000 0.0078007 0.0078621 0.0078621 0.0280567 0.0124698 0.0118305 0.0078621 0.0280567 0.0117776 0.0117380 0.0117380 0.0118305 0.0078931 0.0242237 0.0082513 0.0158783 0.0280567 0.0118708 0.0117380 0.0117380 0.0046255 0.0078007 0.0117776 0.0078621 0.0118305 0.0117380 0.0118708 0.0118708 0.0119246 0.0078007 0.0158783 0.0117380 0.0118708 0.0118708 0.0117380 0.0038881 0.0078270 0.0117776 0.0038881 0.0078007 0.0038881 0.0157000 0.0117776 0.0118305 0.0079877 0.0117380 0.0293348 0.0157532 0.0117380 0.0199812 0.0118305 0.0117380 0.0236995 0.0196872 0.0117380 0.0117776 0.0117776 0.0078007 0.0819907 0.0199114 0.0158783 0.0078621 0.0039496 0.0117380 0.0158783 0.0680797 0.0239714 0.0039810 0.0078007 0.0774080 0.0078931 0.0117380 0.0117380 0.0078007 0.0280567 0.0157000 0.0157000 0.0118305 0.0157000 0.0239714 0.0117380 0.0158077 0.0078007 0.0280567 0.0117380 0.0078007 0.0118708 0.0118305 0.0078007 0.0117380 0.0117380 0.0117776 0.0281549 0.0078007 0.0117776 0.0237814 0.0117380 0.0239714 0.0199910 0.0117776 0.0117776 0.0118305 0.0366938 0.0038881 0.0078621 0.0039186 0.0321684 0.0117776 0.0117380 
1249822    0.0118305 0.0078007 0.0239714 0.0409051 0.0281549 0.0158243 0.0078621 0.0118305 0.0078007 0.0078007 0.0000000 0.0078621 0.0078621 0.0280567 0.0124698 0.0118305 0.0078621 0.0280567 0.0117776 0.0117380 0.0117380 0.0118305 0.0078931 0.0242237 0.0082513 0.0158783 0.0280567 0.0118708 0.0117380 0.0117380 0.0046255 0.0078007 0.0117776 0.0078621 0.0118305 0.0117380 0.0118708 0.0118708 0.0119246 0.0078007 0.0158783 0.0117380 0.0118708 0.0118708 0.0117380 0.0038881 0.0078270 0.0117776 0.0038881 0.0078007 0.0038881 0.0157000 0.0117776 0.0118305 0.0079877 0.0117380 0.0293348 0.0157532 0.0117380 0.0199812 0.0118305 0.0117380 0.0236995 0.0196872 0.0117380 0.0117776 0.0117776 0.0078007 0.0819907 0.0199114 0.0158783 0.0158243 0.0039496 0.0117380 0.0078887 0.0680797 0.0239714 0.0039810 0.0078007 0.0774080 0.0078931 0.0117380 0.0117380 0.0078007 0.0280567 0.0157000 0.0157000 0.0118305 0.0157000 0.0239714 0.0117380 0.0158077 0.0078007 0.0280567 0.0117380 0.0078007 0.0118708 0.0118305 0.0078007 0.0117380 0.0117380 0.0117776 0.0281549 0.0078007 0.0117776 0.0237814 0.0117380 0.0239714 0.0199910 0.0117776 0.0117776 0.0118305 0.0366938 0.0038881 0.0078621 0.0039186 0.0321684 0.0117776 0.0117380 
32         0.0038140 0.0157532 0.0154490 0.0399050 0.0194375 0.0076515 0.0158783 0.0039186 0.0078621 0.0078621 0.0078621 0.0000000 0.0000010 0.0193714 0.0040130 0.0039186 0.0000010 0.0193714 0.0198228 0.0197540 0.0197540 0.0039186 0.0000010 0.0160444 0.0166724 0.0078887 0.0193714 0.0039319 0.0197540 0.0197540 0.0046687 0.0078621 0.0198228 0.0078621 0.0000010 0.0197540 0.0039319 0.0039319 0.0039496 0.0078621 0.0078887 0.0197540 0.0039319 0.0039319 0.0197540 0.0039186 0.0078887 0.0198228 0.0039186 0.0157532 0.0039186 0.0237814 0.0198228 0.0039186 0.0161345 0.0197540 0.0202237 0.0238635 0.0197540 0.0115890 0.0039186 0.0197540 0.0319117 0.0278336 0.0197540 0.0198228 0.0198228 0.0078621 0.0728564 0.0118708 0.0078887 0.0078621 0.0039810 0.0197540 0.0078887 0.0591654 0.0158783 0.0040130 0.0000010 0.0683356 0.0000010 0.0197540 0.0117776 0.0078621 0.0193714 0.0237814 0.0158243 0.0039186 0.0237814 0.0154490 0.0197540 0.0239463 0.0078621 0.0193714 0.0197540 0.0157532 0.0038265 0.0039186 0.0157532 0.0197540 0.0197540 0.0158704 0.0194375 0.0118240 0.0198228 0.0320230 0.0197540 0.0194375 0.0116405 0.0198228 0.0198228 0.0039186 0.0275716 0.0039186 0.0078621 0.0039186 0.0233192 0.0198228 0.0197540 
41         0.0039186 0.0078621 0.0158783 0.0325100 0.0199812 0.0078621 0.0079244 0.0039186 0.0078621 0.0078621 0.0078621 0.0000010 0.0000000 0.0199114 0.0041289 0.0039186 0.0000010 0.0199114 0.0118708 0.0118305 0.0118305 0.0039186 0.0000010 0.0160444 0.0083199 0.0078887 0.0199114 0.0039319 0.0118305 0.0118305 0.0046687 0.0078621 0.0118708 0.0078621 0.0000010 0.0118305 0.0039319 0.0039319 0.0039496 0.0078621 0.0078887 0.0118305 0.0039319 0.0039319 0.0118305 0.0039186 0.0078887 0.0118708 0.0039186 0.0078621 0.0039186 0.0158243 0.0118708 0.0039186 0.0080520 0.0118305 0.0208129 0.0158783 0.0118305 0.0119110 0.0039186 0.0118305 0.0238882 0.0198434 0.0118305 0.0118708 0.0118708 0.0078621 0.0728564 0.0118708 0.0078887 0.0078621 0.0039810 0.0118305 0.0078887 0.0591654 0.0158783 0.0040130 0.0000010 0.0683356 0.0000010 0.0118305 0.0039186 0.0078621 0.0199114 0.0158243 0.0158243 0.0039186 0.0158243 0.0158783 0.0118305 0.0159336 0.0078621 0.0199114 0.0118305 0.0078621 0.0039319 0.0039186 0.0078621 0.0118305 0.0118305 0.0118708 0.0199812 0.0078621 0.0118708 0.0239714 0.0118305 0.0158783 0.0119179 0.0118708 0.0118708 0.0039186 0.0283533 0.0039186 0.0078621 0.0039186 0.0239714 0.0118708 0.0118305 
560        0.0233192 0.0361421 0.0038140 0.0275716 0.0076768 0.0272910 0.0364347 0.0239714 0.0280567 0.0280567 0.0280567 0.0193714 0.0199114 0.0000000 0.0245601 0.0239714 0.0199114 0.0076515 0.0404299 0.0402877 0.0402877 0.0239714 0.0194467 0.0368248 0.0339240 0.0281549 0.0076515 0.0240549 0.0402877 0.0402877 0.0286670 0.0280567 0.0404299 0.0280567 0.0200712 0.0402877 0.0240549 0.0240549 0.0241645 0.0280567 0.0281549 0.0402877 0.0240549 0.0240549 0.0402877 0.0239714 0.0281549 0.0404299 0.0239714 0.0361421 0.0239714 0.0444601 0.0404299 0.0239714 0.0370344 0.0402877 0.0079832 0.0446177 0.0402877 0.0315023 0.0239714 0.0402877 0.0528859 0.0486594 0.0402877 0.0404299 0.0404299 0.0280567 0.0823045 0.0322814 0.0281549 0.0280567 0.0243607 0.0402877 0.0281549 0.0774080 0.0364347 0.0245601 0.0199114 0.0869379 0.0194467 0.0402877 0.0320230 0.0280567 0.0076515 0.0444601 0.0363065 0.0239714 0.0444601 0.0354307 0.0402877 0.0447765 0.0280567 0.0076515 0.0402877 0.0361421 0.0233982 0.0239714 0.0361421 0.0402877 0.0402877 0.0364159 0.0076768 0.0321517 0.0404299 0.0530751 0.0402877 0.0315023 0.0316430 0.0404299 0.0404299 0.0239714 0.0155536 0.0239714 0.0280567 0.0239714 0.0115127 0.0404299 0.0402877 
71232      0.0080520 0.0208235 0.0203987 0.0464548 0.0246478 0.0121172 0.0209984 0.0082855 0.0124698 0.0124698 0.0124698 0.0040130 0.0041289 0.0245601 0.0000000 0.0082855 0.0041289 0.0245601 0.0251647 0.0250733 0.0250733 0.0082855 0.0040291 0.0212315 0.0221138 0.0082855 0.0245601 0.0083151 0.0250733 0.0250733 0.0049704 0.0124698 0.0251647 0.0124698 0.0041633 0.0250733 0.0083151 0.0083151 0.0083547 0.0124698 0.0125145 0.0250733 0.0083151 0.0041289 0.0250733 0.0082855 0.0125145 0.0251647 0.0082855 0.0208235 0.0082855 0.0293507 0.0251647 0.0082855 0.0213571 0.0250733 0.0212663 0.0294582 0.0250733 0.0163238 0.0082855 0.0250733 0.0379922 0.0336569 0.0250733 0.0251647 0.0251647 0.0124698 0.0771554 0.0167422 0.0125145 0.0124698 0.0084251 0.0250733 0.0125145 0.0673189 0.0209984 0.0083199 0.0041289 0.0723534 0.0040291 0.0250733 0.0166032 0.0124698 0.0245601 0.0293507 0.0209228 0.0082855 0.0293507 0.0121172 0.0250733 0.0295665 0.0124698 0.0245601 0.0250733 0.0208235 0.0080799 0.0082855 0.0208235 0.0250733 0.0250733 0.0209877 0.0246478 0.0166724 0.0251647 0.0381327 0.0250733 0.0246478 0.0163990 0.0251647 0.0208235 0.0082855 0.0333225 0.0082855 0.0124698 0.0082855 0.0287480 0.0251647 0.0250733 
42589      0.0078621 0.0118305 0.0199114 0.0366938 0.0240549 0.0118305 0.0119246 0.0078621 0.0118305 0.0118305 0.0118305 0.0039186 0.0039186 0.0239714 0.0082855 0.0000000 0.0039186 0.0239714 0.0158783 0.0158243 0.0158243 0.0078621 0.0039340 0.0201208 0.0125218 0.0118708 0.0239714 0.0078887 0.0158243 0.0158243 0.0093727 0.0118305 0.0158783 0.0118305 0.0039496 0.0158243 0.0078887 0.0078887 0.0079244 0.0118305 0.0118708 0.0158243 0.0078887 0.0078887 0.0158243 0.0078621 0.0118708 0.0158783 0.0078621 0.0118305 0.0078621 0.0198434 0.0158783 0.0078621 0.0121172 0.0158243 0.0250596 0.0199114 0.0158243 0.0159336 0.0078621 0.0158243 0.0198434 0.0158243 0.0158243 0.0158783 0.0158783 0.0118305 0.0774080 0.0158783 0.0118708 0.0118305 0.0079877 0.0158243 0.0118708 0.0636075 0.0199114 0.0080520 0.0039186 0.0728564 0.0039340 0.0158243 0.0078621 0.0118305 0.0239714 0.0198434 0.0118305 0.0078621 0.0198434 0.0199114 0.0158243 0.0199812 0.0118305 0.0239714 0.0158243 0.0118305 0.0078887 0.0078621 0.0118305 0.0158243 0.0158243 0.0158783 0.0240549 0.0118305 0.0158783 0.0280567 0.0158243 0.0199114 0.0159416 0.0158783 0.0158783 0.0078621 0.0325100 0.0078621 0.0118305 0.0078621 0.0280567 0.0158783 0.0158243 
42593      0.0039186 0.0078621 0.0158783 0.0325100 0.0199812 0.0078621 0.0079244 0.0039186 0.0078621 0.0078621 0.0078621 0.0000010 0.0000010 0.0199114 0.0041289 0.0039186 0.0000000 0.0199114 0.0118708 0.0118305 0.0118305 0.0039186 0.0000010 0.0160444 0.0083199 0.0078887 0.0199114 0.0039319 0.0118305 0.0118305 0.0046687 0.0078621 0.0118708 0.0078621 0.0000010 0.0118305 0.0039319 0.0039319 0.0039496 0.0078621 0.0078887 0.0118305 0.0039319 0.0039319 0.0118305 0.0039186 0.0078887 0.0118708 0.0039186 0.0078621 0.0039186 0.0158243 0.0118708 0.0039186 0.0080520 0.0118305 0.0208129 0.0158783 0.0118305 0.0119110 0.0039186 0.0118305 0.0238882 0.0198434 0.0118305 0.0118708 0.0118708 0.0078621 0.0728564 0.0118708 0.0078887 0.0078621 0.0039810 0.0118305 0.0078887 0.0591654 0.0158783 0.0040130 0.0000010 0.0683356 0.0000010 0.0118305 0.0039186 0.0078621 0.0199114 0.0158243 0.0158243 0.0039186 0.0158243 0.0158783 0.0118305 0.0159336 0.0078621 0.0199114 0.0118305 0.0078621 0.0039319 0.0039186 0.0078621 0.0118305 0.0118305 0.0118708 0.0199812 0.0078621 0.0118708 0.0239714 0.0117841 0.0158783 0.0119179 0.0118708 0.0118708 0.0039186 0.0283533 0.0039186 0.0078621 0.0039186 0.0239714 0.0118708 0.0118305 
611        0.0233192 0.0361421 0.0038140 0.0275716 0.0076768 0.0272910 0.0364347 0.0239714 0.0280567 0.0280567 0.0280567 0.0193714 0.0199114 0.0076515 0.0245601 0.0239714 0.0199114 0.0000000 0.0404299 0.0402877 0.0402877 0.0239714 0.0194467 0.0368248 0.0382950 0.0281549 0.0076515 0.0240549 0.0402877 0.0402877 0.0286670 0.0280567 0.0404299 0.0280567 0.0200712 0.0402877 0.0240549 0.0240549 0.0241645 0.0280567 0.0281549 0.0402877 0.0240549 0.0240549 0.0402877 0.0239714 0.0281549 0.0404299 0.0239714 0.0361421 0.0239714 0.0444601 0.0404299 0.0239714 0.0370344 0.0402877 0.0079832 0.0446177 0.0402877 0.0315023 0.0239714 0.0402877 0.0528859 0.0486594 0.0402877 0.0404299 0.0404299 0.0280567 0.0869379 0.0322814 0.0281549 0.0280567 0.0243607 0.0402877 0.0281549 0.0728564 0.0364347 0.0245601 0.0199114 0.0823045 0.0194467 0.0402877 0.0320230 0.0280567 0.0076515 0.0444601 0.0363065 0.0239714 0.0444601 0.0354307 0.0402877 0.0447765 0.0280567 0.0076515 0.0402877 0.0361421 0.0233982 0.0239714 0.0361421 0.0402877 0.0402877 0.0364159 0.0076768 0.0321517 0.0404299 0.0530751 0.0402877 0.0315023 0.0316430 0.0404299 0.0404299 0.0239714 0.0155536 0.0239714 0.0280567 0.0239714 0.0115127 0.0404299 0.0402877 
1256036    0.0238635 0.0038710 0.0362691 0.0538460 0.0405732 0.0279302 0.0039012 0.0158783 0.0117776 0.0117776 0.0117776 0.0198228 0.0118708 0.0404299 0.0251647 0.0158783 0.0118708 0.0404299 0.0000000 0.0077662 0.0077662 0.0158783 0.0199017 0.0284536 0.0040928 0.0199812 0.0404299 0.0159336 0.0077662 0.0077662 0.0000010 0.0117776 0.0077920 0.0118708 0.0158783 0.0077662 0.0159336 0.0159336 0.0160053 0.0117776 0.0199812 0.0077662 0.0159336 0.0159336 0.0077662 0.0078270 0.0118172 0.0077920 0.0078270 0.0038710 0.0078270 0.0116858 0.0077920 0.0158783 0.0039630 0.0077662 0.0422890 0.0117248 0.0077662 0.0322479 0.0158783 0.0077662 0.0195992 0.0156301 0.0077662 0.0077920 0.0077920 0.0078270 0.0869379 0.0240549 0.0199812 0.0199114 0.0079514 0.0077662 0.0199812 0.0728564 0.0199812 0.0080152 0.0117776 0.0823045 0.0199017 0.0077662 0.0077662 0.0117776 0.0404299 0.0116858 0.0197540 0.0158783 0.0116858 0.0280275 0.0077662 0.0117655 0.0117776 0.0404299 0.0077662 0.0038710 0.0239463 0.0158783 0.0038710 0.0077662 0.0077662 0.0078225 0.0405732 0.0038860 0.0077920 0.0196668 0.0077662 0.0362691 0.0322647 0.0077920 0.0077920 0.0158783 0.0493603 0.0078270 0.0118708 0.0078887 0.0446177 0.0077920 0.0077662 
457831     0.0237814 0.0038581 0.0361421 0.0536511 0.0404299 0.0278336 0.0038881 0.0158243 0.0117380 0.0117380 0.0117380 0.0197540 0.0118305 0.0402877 0.0250733 0.0158243 0.0118305 0.0402877 0.0077662 0.0000000 0.0077403 0.0158243 0.0198324 0.0283533 0.0040784 0.0199114 0.0402877 0.0158783 0.0077403 0.0077403 0.0046255 0.0117380 0.0077662 0.0118305 0.0158243 0.0077403 0.0158783 0.0158783 0.0159505 0.0117380 0.0199114 0.0077403 0.0158783 0.0158783 0.0077403 0.0078007 0.0117776 0.0077662 0.0078007 0.0038581 0.0078007 0.0116468 0.0077662 0.0158243 0.0039496 0.0077403 0.0377921 0.0116858 0.0077403 0.0321350 0.0158243 0.0077403 0.0195333 0.0155778 0.0077403 0.0077662 0.0077662 0.0117380 0.0866049 0.0239714 0.0199114 0.0198434 0.0079244 0.0077403 0.0199114 0.0725822 0.0199114 0.0079877 0.0117380 0.0819907 0.0198324 0.0077403 0.0077403 0.0117380 0.0402877 0.0116468 0.0196872 0.0158243 0.0116468 0.0279302 0.0077403 0.0117248 0.0117380 0.0402877 0.0077403 0.0038581 0.0238635 0.0158243 0.0038581 0.0077403 0.0077403 0.0077965 0.0404299 0.0038731 0.0077662 0.0195992 0.0077403 0.0361421 0.0321517 0.0077662 0.0077662 0.0158243 0.0491832 0.0078007 0.0118305 0.0078621 0.0444601 0.0077662 0.0077403 
457833     0.0237814 0.0038581 0.0361421 0.0536511 0.0404299 0.0278336 0.0038881 0.0158243 0.0117380 0.0117380 0.0117380 0.0197540 0.0118305 0.0402877 0.0250733 0.0158243 0.0118305 0.0402877 0.0077662 0.0077403 0.0000000 0.0158243 0.0198324 0.0283533 0.0040784 0.0199114 0.0402877 0.0158783 0.0077403 0.0077403 0.0046255 0.0117380 0.0077662 0.0118305 0.0158243 0.0077403 0.0158783 0.0158783 0.0159505 0.0117380 0.0199114 0.0077403 0.0158783 0.0158783 0.0077403 0.0078007 0.0117776 0.0077662 0.0078007 0.0038581 0.0078007 0.0116468 0.0077662 0.0158243 0.0039496 0.0077403 0.0421333 0.0116858 0.0077403 0.0321350 0.0158243 0.0077403 0.0195333 0.0155778 0.0077403 0.0077662 0.0077662 0.0117380 0.0866049 0.0239714 0.0199114 0.0198434 0.0079244 0.0077403 0.0199114 0.0725822 0.0199114 0.0079877 0.0117380 0.0819907 0.0198324 0.0077403 0.0077403 0.0117380 0.0402877 0.0116468 0.0196872 0.0158243 0.0116468 0.0279302 0.0077403 0.0117248 0.0117380 0.0402877 0.0077403 0.0038581 0.0238635 0.0158243 0.0038581 0.0077403 0.0077403 0.0077965 0.0404299 0.0038731 0.0077662 0.0195992 0.0077403 0.0361421 0.0321517 0.0077662 0.0077662 0.0158243 0.0491832 0.0078007 0.0118305 0.0078621 0.0444601 0.0077662 0.0077403 
42603      0.0078621 0.0118305 0.0199114 0.0366938 0.0240549 0.0118305 0.0119246 0.0078621 0.0118305 0.0118305 0.0118305 0.0039186 0.0039186 0.0239714 0.0082855 0.0078621 0.0039186 0.0239714 0.0158783 0.0158243 0.0158243 0.0000000 0.0039340 0.0201208 0.0125218 0.0118708 0.0239714 0.0078887 0.0158243 0.0158243 0.0046687 0.0118305 0.0158783 0.0118305 0.0039496 0.0158243 0.0078887 0.0078887 0.0079244 0.0118305 0.0118708 0.0158243 0.0078887 0.0078887 0.0158243 0.0078621 0.0118708 0.0158783 0.0078621 0.0118305 0.0078621 0.0198434 0.0158783 0.0078621 0.0121172 0.0158243 0.0250596 0.0199114 0.0158243 0.0159336 0.0078621 0.0158243 0.0279588 0.0238882 0.0158243 0.0158783 0.0158783 0.0118305 0.0774080 0.0158783 0.0118708 0.0118305 0.0079877 0.0158243 0.0118708 0.0636075 0.0199114 0.0080520 0.0039186 0.0728564 0.0039340 0.0158243 0.0078621 0.0118305 0.0239714 0.0198434 0.0198434 0.0078621 0.0198434 0.0199114 0.0158243 0.0199812 0.0118305 0.0239714 0.0158243 0.0118305 0.0078887 0.0078621 0.0118305 0.0158243 0.0158243 0.0158783 0.0240549 0.0118305 0.0158783 0.0280567 0.0158243 0.0199114 0.0159416 0.0158783 0.0158783 0.0078621 0.0325100 0.0078621 0.0118305 0.0078621 0.0280567 0.0158783 0.0158243 
108        0.0038286 0.0158155 0.0155089 0.0400649 0.0195133 0.0076809 0.0159416 0.0039340 0.0078931 0.0078931 0.0078931 0.0000010 0.0000010 0.0194467 0.0040291 0.0039340 0.0000010 0.0194467 0.0199017 0.0198324 0.0198324 0.0039340 0.0000000 0.0161090 0.0167422 0.0079200 0.0194467 0.0039474 0.0198324 0.0158155 0.0046906 0.0078931 0.0199017 0.0078931 0.0000010 0.0198324 0.0039474 0.0039474 0.0039652 0.0078931 0.0079200 0.0198324 0.0039474 0.0039474 0.0198324 0.0039340 0.0079200 0.0199017 0.0039340 0.0158155 0.0039340 0.0238760 0.0199017 0.0039340 0.0161998 0.0198324 0.0203058 0.0239588 0.0198324 0.0116339 0.0039340 0.0198324 0.0320395 0.0279447 0.0198324 0.0199017 0.0199017 0.0078931 0.0731700 0.0119179 0.0079200 0.0078931 0.0039969 0.0198324 0.0079200 0.0594166 0.0159416 0.0040291 0.0000010 0.0686288 0.0000010 0.0198324 0.0118240 0.0078931 0.0194467 0.0238760 0.0158871 0.0039340 0.0238760 0.0155089 0.0198324 0.0240423 0.0078931 0.0194467 0.0198324 0.0158155 0.0038412 0.0039340 0.0158155 0.0198324 0.0198324 0.0159336 0.0195133 0.0118708 0.0199017 0.0321517 0.0198324 0.0195133 0.0116858 0.0199017 0.0199017 0.0039340 0.0276806 0.0039340 0.0078931 0.0039340 0.0234102 0.0199017 0.0198324 
42605      0.0201208 0.0242237 0.0326255 0.0501340 0.0369567 0.0242237 0.0244209 0.0201208 0.0242237 0.0242237 0.0242237 0.0160444 0.0160444 0.0368248 0.0212315 0.0201208 0.0160444 0.0368248 0.0284536 0.0283533 0.0283533 0.0201208 0.0161090 0.0000000 0.0256750 0.0243090 0.0368248 0.0201913 0.0283533 0.0283533 0.0240967 0.0242237 0.0284536 0.0242237 0.0161742 0.0283533 0.0201913 0.0201913 0.0202840 0.0242237 0.0243090 0.0283533 0.0201913 0.0201913 0.0283533 0.0201208 0.0243090 0.0284536 0.0201208 0.0242237 0.0201208 0.0325100 0.0200507 0.0201208 0.0248251 0.0283533 0.0251509 0.0326255 0.0283533 0.0285546 0.0201208 0.0283533 0.0409051 0.0366938 0.0283533 0.0284536 0.0284536 0.0242237 0.0926784 0.0284536 0.0243090 0.0242237 0.0204500 0.0283533 0.0243090 0.0782994 0.0326255 0.0206186 0.0160444 0.0879535 0.0160444 0.0283533 0.0201208 0.0242237 0.0368248 0.0325100 0.0325100 0.0201208 0.0325100 0.0326255 0.0283533 0.0158704 0.0242237 0.0368248 0.0283533 0.0242237 0.0201913 0.0201208 0.0242237 0.0283533 0.0283533 0.0284536 0.0369567 0.0242237 0.0284536 0.0364159 0.0283533 0.0326255 0.0285698 0.0284536 0.0284536 0.0201208 0.0458017 0.0201208 0.0242237 0.0201208 0.0410518 0.0284536 0.0283533 
1336429    0.0209106 0.0000010 0.0339240 0.0523768 0.0384377 0.0251785 0.0000010 0.0125218 0.0082513 0.0082513 0.0082513 0.0166724 0.0083199 0.0339240 0.0221138 0.0125218 0.0083199 0.0382950 0.0040928 0.0040784 0.0040784 0.0125218 0.0167422 0.0256750 0.0000000 0.0168126 0.0382950 0.0125669 0.0000010 0.0040784 0.0000010 0.0082513 0.0040928 0.0083199 0.0125218 0.0040784 0.0125669 0.0125669 0.0126273 0.0082513 0.0168126 0.0040784 0.0125669 0.0125669 0.0040784 0.0041120 0.0082807 0.0040928 0.0041120 0.0000010 0.0041120 0.0081838 0.0040928 0.0125218 0.0000010 0.0040784 0.0401525 0.0082126 0.0040784 0.0296919 0.0125218 0.0040784 0.0164760 0.0123162 0.0040784 0.0040928 0.0040928 0.0082513 0.0771966 0.0210869 0.0168126 0.0167520 0.0041807 0.0040784 0.0168126 0.0723923 0.0168126 0.0042160 0.0082513 0.0771966 0.0167422 0.0040784 0.0040784 0.0082513 0.0382950 0.0081838 0.0166129 0.0125218 0.0081838 0.0252707 0.0040784 0.0082415 0.0082513 0.0382950 0.0040784 0.0000010 0.0209877 0.0125218 0.0000010 0.0040784 0.0040784 0.0041096 0.0384377 0.0000010 0.0040928 0.0165346 0.0040784 0.0339240 0.0297082 0.0040928 0.0040928 0.0125218 0.0476625 0.0041120 0.0083199 0.0041461 0.0382950 0.0040928 0.0000010 
42607      0.0118708 0.0158783 0.0240549 0.0410518 0.0282538 0.0158783 0.0160053 0.0039319 0.0158783 0.0158783 0.0158783 0.0078887 0.0078887 0.0281549 0.0082855 0.0118708 0.0078887 0.0281549 0.0199812 0.0199114 0.0199114 0.0118708 0.0079200 0.0243090 0.0168126 0.0000000 0.0281549 0.0119110 0.0199114 0.0199114 0.0141695 0.0158783 0.0199812 0.0158783 0.0079514 0.0199114 0.0119110 0.0119110 0.0119655 0.0158783 0.0159336 0.0199114 0.0119110 0.0119110 0.0199114 0.0118708 0.0159336 0.0199812 0.0118708 0.0158783 0.0118708 0.0239714 0.0199812 0.0118708 0.0162657 0.0199114 0.0294421 0.0240549 0.0199114 0.0200507 0.0118708 0.0199114 0.0321684 0.0280567 0.0199114 0.0199812 0.0199812 0.0158783 0.0731326 0.0199812 0.0079154 0.0078887 0.0120617 0.0199114 0.0159336 0.0593858 0.0159336 0.0121595 0.0078887 0.0685935 0.0079200 0.0199114 0.0118708 0.0158783 0.0281549 0.0239714 0.0239714 0.0118708 0.0239714 0.0240549 0.0199114 0.0241390 0.0158783 0.0281549 0.0199114 0.0158783 0.0119110 0.0118708 0.0158783 0.0199114 0.0199114 0.0199812 0.0282538 0.0158783 0.0199812 0.0322814 0.0199114 0.0240549 0.0200614 0.0199812 0.0199812 0.0118708 0.0368248 0.0118708 0.0078887 0.0118708 0.0322814 0.0199812 0.0199114 
5747       0.0233192 0.0361421 0.0038140 0.0275716 0.0076768 0.0272910 0.0364347 0.0239714 0.0280567 0.0280567 0.0280567 0.0193714 0.0199114 0.0076515 0.0245601 0.0239714 0.0199114 0.0076515 0.0404299 0.0402877 0.0402877 0.0239714 0.0194467 0.0368248 0.0382950 0.0281549 0.0000000 0.0240549 0.0402877 0.0402877 0.0286670 0.0280567 0.0404299 0.0280567 0.0200712 0.0402877 0.0240549 0.0240549 0.0241645 0.0280567 0.0281549 0.0402877 0.0240549 0.0240549 0.0402877 0.0239714 0.0281549 0.0404299 0.0239714 0.0361421 0.0239714 0.0444601 0.0404299 0.0239714 0.0370344 0.0402877 0.0079832 0.0446177 0.0402877 0.0315023 0.0239714 0.0402877 0.0528859 0.0486594 0.0402877 0.0404299 0.0404299 0.0280567 0.0916033 0.0322814 0.0281549 0.0280567 0.0243607 0.0402877 0.0281549 0.0774080 0.0364347 0.0245601 0.0199114 0.0869379 0.0194467 0.0402877 0.0320230 0.0280567 0.0076515 0.0444601 0.0363065 0.0239714 0.0444601 0.0354307 0.0402877 0.0447765 0.0280567 0.0076515 0.0402877 0.0361421 0.0233982 0.0239714 0.0361421 0.0402877 0.0402877 0.0364159 0.0076768 0.0321517 0.0404299 0.0530751 0.0402877 0.0315023 0.0316430 0.0404299 0.0404299 0.0239714 0.0155536 0.0239714 0.0280567 0.0239714 0.0115127 0.0404299 0.0402877 
68728      0.0078887 0.0118708 0.0199812 0.0368248 0.0241390 0.0118708 0.0119655 0.0078887 0.0118708 0.0118708 0.0118708 0.0039319 0.0039319 0.0240549 0.0083151 0.0078887 0.0039319 0.0240549 0.0159336 0.0158783 0.0158783 0.0078887 0.0039474 0.0201913 0.0125669 0.0119110 0.0240549 0.0000000 0.0158783 0.0158783 0.0094105 0.0118708 0.0159336 0.0118708 0.0039630 0.0158783 0.0079154 0.0079154 0.0079514 0.0118708 0.0119110 0.0158783 0.0079154 0.0079154 0.0158783 0.0078887 0.0119110 0.0159336 0.0078887 0.0118708 0.0078887 0.0199114 0.0159336 0.0078887 0.0121595 0.0158783 0.0251509 0.0199812 0.0158783 0.0159888 0.0078887 0.0158783 0.0280567 0.0239714 0.0158783 0.0159336 0.0159336 0.0118708 0.0777028 0.0159336 0.0119110 0.0118708 0.0080152 0.0158783 0.0119110 0.0638455 0.0199812 0.0080799 0.0039319 0.0731326 0.0039474 0.0158783 0.0078887 0.0118708 0.0240549 0.0199114 0.0199114 0.0078887 0.0199114 0.0199812 0.0158783 0.0200507 0.0118708 0.0240549 0.0158783 0.0118708 0.0079154 0.0078887 0.0118708 0.0158783 0.0158783 0.0159336 0.0241390 0.0118708 0.0159336 0.0281549 0.0158783 0.0199812 0.0159973 0.0159336 0.0159336 0.0078887 0.0326255 0.0078887 0.0118708 0.0078887 0.0281549 0.0159336 0.0158783 
456833     0.0237814 0.0038581 0.0361421 0.0536511 0.0404299 0.0278336 0.0038881 0.0158243 0.0117380 0.0117380 0.0117380 0.0197540 0.0118305 0.0402877 0.0250733 0.0158243 0.0118305 0.0402877 0.0077662 0.0077403 0.0077403 0.0158243 0.0198324 0.0283533 0.0000010 0.0199114 0.0402877 0.0158783 0.0000000 0.0077403 0.0046255 0.0117380 0.0077662 0.0118305 0.0158243 0.0077403 0.0158783 0.0158783 0.0159505 0.0117380 0.0199114 0.0077403 0.0158783 0.0158783 0.0077403 0.0078007 0.0117776 0.0077662 0.0078007 0.0038581 0.0078007 0.0116468 0.0077662 0.0158243 0.0039496 0.0077403 0.0421333 0.0116858 0.0077403 0.0321350 0.0158243 0.0077403 0.0195333 0.0155778 0.0077403 0.0077662 0.0077662 0.0117380 0.0866049 0.0239714 0.0199114 0.0198434 0.0079244 0.0077403 0.0199114 0.0725822 0.0199114 0.0079877 0.0117380 0.0819907 0.0198324 0.0077403 0.0077403 0.0117380 0.0402877 0.0116468 0.0196872 0.0158243 0.0116468 0.0279302 0.0077403 0.0117248 0.0117380 0.0402877 0.0077403 0.0038581 0.0238635 0.0158243 0.0038581 0.0077403 0.0077403 0.0077965 0.0404299 0.0038731 0.0077662 0.0195992 0.0077403 0.0361421 0.0321517 0.0077662 0.0077662 0.0158243 0.0491832 0.0078007 0.0118305 0.0078621 0.0444601 0.0077662 0.0077403 
456339     0.0237814 0.0038581 0.0361421 0.0536511 0.0404299 0.0278336 0.0038881 0.0158243 0.0117380 0.0117380 0.0117380 0.0197540 0.0118305 0.0402877 0.0250733 0.0158243 0.0118305 0.0402877 0.0077662 0.0077403 0.0077403 0.0158243 0.0158155 0.0283533 0.0040784 0.0199114 0.0402877 0.0158783 0.0077403 0.0000000 0.0046255 0.0117380 0.0077662 0.0118305 0.0158243 0.0077403 0.0158783 0.0158783 0.0159505 0.0117380 0.0199114 0.0077403 0.0158783 0.0158783 0.0077403 0.0078007 0.0117776 0.0077662 0.0078007 0.0038581 0.0078007 0.0116468 0.0077662 0.0158243 0.0039496 0.0077403 0.0421333 0.0116858 0.0077403 0.0321350 0.0158243 0.0077403 0.0195333 0.0155778 0.0077403 0.0077662 0.0077662 0.0117380 0.0866049 0.0239714 0.0199114 0.0198434 0.0079244 0.0077403 0.0199114 0.0725822 0.0199114 0.0079877 0.0117380 0.0819907 0.0198324 0.0077403 0.0077403 0.0117380 0.0402877 0.0116468 0.0196872 0.0158243 0.0116468 0.0279302 0.0077403 0.0117248 0.0117380 0.0402877 0.0077403 0.0038581 0.0238635 0.0158243 0.0038581 0.0077403 0.0077403 0.0077965 0.0404299 0.0038731 0.0077662 0.0195992 0.0077403 0.0361421 0.0321517 0.0077662 0.0077662 0.0158243 0.0491832 0.0078007 0.0118305 0.0078621 0.0444601 0.0077662 0.0077403 
1336480    0.0093727 0.0000010 0.0237978 0.0440590 0.0237978 0.0093727 0.0000010 0.0093727 0.0046255 0.0046255 0.0046255 0.0046687 0.0046687 0.0286670 0.0049704 0.0093727 0.0046687 0.0286670 0.0000010 0.0046255 0.0046255 0.0046687 0.0046906 0.0240967 0.0000010 0.0141695 0.0286670 0.0094105 0.0046255 0.0046255 0.0000000 0.0046255 0.0046440 0.0046687 0.0093727 0.0046255 0.0094105 0.0094105 0.0093727 0.0046255 0.0141695 0.0046255 0.0094105 0.0094105 0.0046255 0.0000010 0.0046440 0.0046440 0.0000010 0.0000010 0.0000010 0.0092856 0.0046440 0.0093727 0.0000010 0.0046255 0.0302374 0.0093228 0.0046255 0.0190439 0.0093727 0.0000010 0.0187110 0.0139807 0.0046255 0.0046440 0.0046440 0.0000010 0.0939791 0.0189647 0.0141695 0.0141122 0.0000010 0.0046255 0.0093727 0.0769950 0.0189647 0.0000010 0.0046255 0.0883888 0.0046906 0.0046255 0.0046255 0.0046255 0.0286670 0.0092856 0.0139807 0.0093727 0.0046255 0.0189647 0.0046255 0.0093600 0.0046255 0.0286670 0.0046255 0.0000010 0.0046687 0.0093727 0.0000010 0.0046255 0.0046255 0.0046440 0.0287867 0.0000010 0.0046440 0.0187866 0.0046255 0.0237978 0.0141789 0.0046440 0.0046440 0.0093727 0.0390099 0.0000010 0.0046687 0.0000010 0.0335736 0.0000010 0.0046255 
70818      0.0118305 0.0078007 0.0239714 0.0409051 0.0281549 0.0078621 0.0078621 0.0118305 0.0078007 0.0078007 0.0078007 0.0078621 0.0078621 0.0280567 0.0124698 0.0118305 0.0078621 0.0280567 0.0117776 0.0117380 0.0117380 0.0118305 0.0078931 0.0242237 0.0082513 0.0158783 0.0280567 0.0118708 0.0117380 0.0117380 0.0046255 0.0000000 0.0117776 0.0078621 0.0118305 0.0117380 0.0118708 0.0118708 0.0119246 0.0078007 0.0158783 0.0117380 0.0118708 0.0118708 0.0038881 0.0038881 0.0078270 0.0117776 0.0038881 0.0078007 0.0038881 0.0157000 0.0117776 0.0118305 0.0079877 0.0117380 0.0293348 0.0157532 0.0117380 0.0199812 0.0118305 0.0117380 0.0236995 0.0196872 0.0117380 0.0117776 0.0117776 0.0078007 0.0819907 0.0199114 0.0158783 0.0158243 0.0039496 0.0117380 0.0158783 0.0680797 0.0239714 0.0039810 0.0078007 0.0774080 0.0078931 0.0117380 0.0117380 0.0078007 0.0280567 0.0157000 0.0157000 0.0118305 0.0157000 0.0239714 0.0117380 0.0158077 0.0078007 0.0280567 0.0117380 0.0078007 0.0118708 0.0118305 0.0078007 0.0117380 0.0117380 0.0117776 0.0281549 0.0078007 0.0117776 0.0237814 0.0117380 0.0239714 0.0199910 0.0117776 0.0117776 0.0118305 0.0366938 0.0038881 0.0078621 0.0039186 0.0321684 0.0117776 0.0117380 
70819      0.0238635 0.0038710 0.0362691 0.0538460 0.0405732 0.0279302 0.0039012 0.0158783 0.0117776 0.0117776 0.0117776 0.0198228 0.0118708 0.0404299 0.0251647 0.0158783 0.0118708 0.0404299 0.0077920 0.0077662 0.0077662 0.0158783 0.0199017 0.0284536 0.0040928 0.0199812 0.0404299 0.0159336 0.0077662 0.0077662 0.0046440 0.0117776 0.0000000 0.0118708 0.0158783 0.0077662 0.0159336 0.0159336 0.0160053 0.0117776 0.0199812 0.0077662 0.0159336 0.0159336 0.0077662 0.0078270 0.0118172 0.0077920 0.0078270 0.0038710 0.0078270 0.0116858 0.0077920 0.0158783 0.0039630 0.0077662 0.0422890 0.0038581 0.0077662 0.0322479 0.0158783 0.0077662 0.0195992 0.0156301 0.0077662 0.0077920 0.0077920 0.0117776 0.0823045 0.0240549 0.0199812 0.0199114 0.0079514 0.0077662 0.0199812 0.0683356 0.0199812 0.0080152 0.0117776 0.0777028 0.0158155 0.0077662 0.0077662 0.0117776 0.0404299 0.0116858 0.0197540 0.0158783 0.0116858 0.0280275 0.0077662 0.0117655 0.0117776 0.0404299 0.0077662 0.0038710 0.0239463 0.0158783 0.0038710 0.0077662 0.0077662 0.0078225 0.0405732 0.0038860 0.0077920 0.0196668 0.0077662 0.0362691 0.0322647 0.0077920 0.0077920 0.0158783 0.0493603 0.0078270 0.0118708 0.0078887 0.0446177 0.0077920 0.0077662 
