10B	143629	0	0.10171772115659894	0.0863499062057402	0.09825934591696482	0.08955377912946232	0.09504699053278973	0.0825721481874254	0.06704619165943056	0.0530543663885321	0.08681696410796998	0.08057353645343784	0.06480960779680972	0.0849921677137845	0.09801606114987595	0.0755033329622968	0.07837029294729092	0.07775474976543782	0.09805226892140445	0.10734532127317697	0.12149460210744069	0.11475225128368324	0.12602302644504695	0.10467005915959746	0.07998497399132733	0.09225696340932238	0.08287089643203936	0.07327820126755039	0.06292092092797193	0.08229494433180153	0.08695869540349196	0.10259558155349736	0.07320286357711557	0.08066687251643265	0.13039895580634958	0.09235785002841507	0.07032428931640351	0.11034247983145781	0.09166393309314642	0.07959196477669889	0.07517120290123926	0.07437386576741777	0.06280561122244491	0.0805688542731912	0.12744321033781308	0.06612970513184731	0.10221389524611353	0.07277054108216433	0.0883745452337181	0.091647322051793	0.06694089934254474	0.07314332807627089	0.06613226452905813	0.10783533039614197	0.0817966271174	0.10405484813832855	0.13607155313577007	0.0737392337867224	0.09394351962156552	0.10344587957545834	0.09811157987074509	0.08295197359893919	0.09762881244216015	0.0667791445869341	0.07854220475962868	0.0866316785502898	0.05925941229538116	0.148416313145772	0.06121653419197946	0.09729786595566348	0.09491259100065758	0.09157845717544752	0.11215044196276373	0.09529840931863728	0.0783219505607688	0.08032596187992765	0.09889091853588058	0.1223282802538876	0.10609211145152651	0.08944797992932435	0.12312267960457546	0.06332418914278709	0.07547713287825174	0.10420841683366737	0.10438407860278628	0.06344251195411205	0.0788653769307731	0.12446627358763768	0.06613226452905809	0.07221979474699862
10C	143630	0.10171772115659894	0	0.05473566772087571	0.06021201436309891	0.05550098126481281	0.06354386582219096	0.05605495116334472	0.06772365616360297	0.0971991753406748	0.08129927467675811	0.09369092769851307	0.07421296808760616	0.0513866503219753	0.05237873088277404	0.06058228169316509	0.08294291022363771	0.08894509370699846	0.07216009691547853	0.08629343629343626	0.09604125521176216	0.09237686490905375	0.12887555022008804	0.11852224245224054	0.05119336429380098	0.05966680412924162	0.07111999438950838	0.08413165433164638	0.08245997871907991	0.05512478130845825	0.059681293236110516	0.15586811301097014	0.10045614533516424	0.07812373690664583	0.14902882205513784	0.053399668325041456	0.05570430257106854	0.09729199372056513	0.05220129317201434	0.05654151163227724	0.05677212214742482	0.051681409107552395	0.07384353741496598	0.06842129172203103	0.17571005803451326	0.08187939288103488	0.04989735539186087	0.12996289424860855	0.09303986057232812	0.07331945339993629	0.06510770975056694	0.08922231614539307	0.09958386825446013	0.06533698545580803	0.05996314213314903	0.1396212189752405	0.17440250436457774	0.07617057461282384	0.09577806859312187	0.05006981236730871	0.12154496623316798	0.13302873388161235	0.06028318304065814	0.07688957005727191	0.09939490019202431	0.12112452053512957	0.07849545316408355	0.19820655534941248	0.08835225101276466	0.06616670764691417	0.05175659304817817	0.06383012735120168	0.037381093516244676	0.07918261054421773	0.07344969048424844	0.058509364923176564	0.06677046314839041	0.145462087273934	0.057021984051352545	0.07431323674507972	0.06902390258839639	0.06849418195505948	0.058893208490755446	0.15027859554579778	0.06270031752657235	0.07704974516057196	0.07172536180889143	0.10486414218866735	0.08963151107041947	0.07714638665843115
120A	143631	0.0863499062057402	0.05473566772087571	0	0.020392712604618043	0.025204433802448675	0.04161414775586499	0.015653975009666775	0.03659164520920755	0.0871036365891191	0.05000976316597448	0.05688992478798582	0.04645229136467365	0.013275088516786313	0.01969207873956978	0.026016464315518274	0.046490190398591355	0.05976949936875816	0.06227974144906564	0.10054842890145184	0.09063126274966941	0.0780547709872438	0.1330759378108436	0.11705703491013607	0.010353125884745072	0.02684810689751899	0.030801745198197516	0.05454268172980163	0.053063480179923864	0.02106540614008248	0.04247686392505958	0.12802517597514124	0.06433207730512354	0.053123310941240086	0.11037818660619589	0.02709091789143235	0.025545116479690266	0.08011150015145846	0.013474271927719926	0.010820427697940116	0.029853775392697224	0.026752065915043022	0.03857721963003411	0.04148151069995563	0.1425941848610604	0.05041534389421253	0.030577680369202262	0.12341272348221619	0.05151467291526682	0.04439451539354641	0.033448062332110146	0.06866310842095309	0.07458406129829259	0.03542275603594702	0.03209511135401275	0.09964567083344154	0.16112159993112232	0.03412627711324356	0.062161644604439605	0.03434808745269185	0.10635786809495039	0.11298268905645509	0.029352586583059986	0.048684491224600626	0.06064758988052431	0.09079492462066861	0.04948827738494103	0.1703636183135836	0.06383861295687553	0.0568204516666886	0.05841410216832649	0.03059910693711365	0.043464802378322884	0.04959824530924254	0.03878873614558972	0.02744929143116247	0.034251763037371145	0.11660911928289347	0.026723189365298584	0.03628827624498921	0.038327709924085476	0.041941474920861754	0.02703263493477306	0.12728123815947984	0.03811387970807986	0.053137344451593606	0.04295828110961894	0.11166975299963448	0.06631223041406993	0.044647022995259994
120B	143632	0.09825934591696482	0.06021201436309891	0.020392712604618043	0	0.030342464685593325	0.04027406215978163	0.03151997906006094	0.05290286252619153	0.0991502512757288	0.06398321233105048	0.07262098817952964	0.062075076375459164	0.021040606327341442	0.018054157637285143	0.025973017920556726	0.0600232411084191	0.06937116273940006	0.06091924045735991	0.11808047933702383	0.10841166264912255	0.09499870284536485	0.14871573760394208	0.13269683470323454	0.02732384931337807	0.03202148882454605	0.04567911532881574	0.07122470363093852	0.06511009486653355	0.02273835296474242	0.053621568171671664	0.1393573487814325	0.08109753650988576	0.06866788765208594	0.1262468999724442	0.0319715084738137	0.03871306048048551	0.08285813226912701	0.014579725686835866	0.029309905043901727	0.04550119032326858	0.03645055931367721	0.05546995761655448	0.05690773956382429	0.1559449316126927	0.06163721425200631	0.031094238021342306	0.1373948913215929	0.0640560771926788	0.052868221071155935	0.04415625669759039	0.08557421233619382	0.08681297994309772	0.03744338744685144	0.048545459589070285	0.11583183093748796	0.1749693571961097	0.045914475038904105	0.06824609117113227	0.030765091406317724	0.1201943912238486	0.12502930374306478	0.017839814716717244	0.05537218301843841	0.07066361716538719	0.10774268778362628	0.06138924736107225	0.18169579111987486	0.07957876755673683	0.05844865830357536	0.060158039861116674	0.022329455615855424	0.034195334764516416	0.04435871311280345	0.04906323829049429	0.04377819112088541	0.033901691196936964	0.12742784393914522	0.02056265716932664	0.04760940204167892	0.03351694138559386	0.053853506705797215	0.04397195492457765	0.13951015680428494	0.03336515696781722	0.06373035105786563	0.05209246875848125	0.1241983127586735	0.08240029039992669	0.04825824384145243
120C	143633	0.08955377912946232	0.05550098126481281	0.025204433802448675	0.030342464685593325	0	0.032962095541824464	0.02943083246945061	0.0381199300148915	0.07739072580891283	0.04289249012290012	0.048006795666522536	0.034053737789099245	0.0180589459042718	0.029608578973286143	0.03001359471284254	0.05197528453038775	0.05037754652398197	0.05364588957114092	0.10713327620842074	0.09674006520547639	0.0807205248545892	0.12323287276024442	0.11617452201875288	0.023146628972410876	0.022758933975484712	0.024720643657238618	0.05258682817648629	0.05035554196946766	0.02184293695252858	0.04295543144850849	0.11810496781595048	0.06608525879477964	0.044958253050738625	0.10829150187607751	0.030462680466994137	0.03198508439873847	0.07285224409501864	0.02632745468375303	0.03251142666082147	0.02728485387444926	0.03267064527605884	0.0356724970597803	0.02895456538812035	0.14311133278508611	0.049724539260118314	0.028308463435186393	0.12926957435627962	0.04946734820618163	0.03321650753060014	0.026184994145900812	0.05961079827242568	0.06860158010584957	0.03776791263487722	0.024963130633223432	0.09773497419882232	0.1720106585317082	0.04303907976580466	0.0769122183253479	0.045811189783539444	0.11264866797434547	0.10326977827624882	0.0402623880577907	0.036871606235768094	0.05775344929289357	0.08239463350357432	0.04091387626337874	0.1604434101543928	0.05778218799018306	0.04630608614172925	0.04403319646015027	0.035166406210339854	0.0525605272013542	0.043148701611490606	0.03322702349370462	0.026372359366665928	0.0335526187020782	0.10653940260594716	0.03818595876139949	0.031314891847478	0.04804881408506751	0.03355834700425882	0.023421156712542492	0.12514191764301297	0.02999863990334227	0.0428486992840212	0.05451163015444458	0.1165177789455246	0.06751545468994422	0.06259126628511859
1212A	143634	0.09504699053278973	0.06354386582219096	0.04161414775586499	0.04027406215978163	0.032962095541824464	0	0.038427478867570114	0.053216488963377655	0.07822843462112661	0.03106139692689131	0.06200793408605435	0.05360060834555603	0.04120649928491978	0.037202842700565564	0.04519863454212637	0.05538306308857893	0.05239136129940726	0.05201346244685875	0.1268263953608781	0.11191045606229147	0.09581175077697202	0.13083502366463828	0.13317128885623764	0.03608726932021621	0.03585786271477368	0.042961251333096334	0.0658301102718888	0.06232198048603116	0.03602971842652506	0.05632244659911059	0.10831650616133374	0.07907665946609063	0.044066511557916896	0.09863883847549905	0.032627809229713485	0.04984963913392146	0.055725022104332424	0.0365644120855666	0.043048675938273946	0.04267690958953379	0.047902217446517556	0.055020525451559936	0.04585252240323911	0.13574258068705758	0.058131119625372506	0.03985836223899886	0.13256269592476488	0.06796926949748264	0.028227261987582516	0.04063823351482159	0.06354315445827385	0.07363116164260607	0.03728163092366861	0.0336516693277411	0.08535192505077416	0.17523522530770017	0.042544020542920016	0.08278252554831778	0.057744885757683495	0.11591179168577742	0.08909547092125579	0.04641902470691571	0.055837422197991884	0.06600486682260621	0.07449529164690738	0.04333649326539483	0.1506549484997761	0.06041263076327003	0.039868093061902754	0.04461108486852463	0.03567795084181155	0.060398483330948646	0.035102370689655216	0.05267175572519085	0.037496761168570404	0.04086930584622605	0.09653820737714769	0.050556763764873225	0.04657146617530929	0.06467647685424723	0.04193397487302859	0.0319570188075759	0.13033260264733157	0.020808040099745597	0.04612787800046858	0.06850324837581206	0.13123629659158859	0.07656528103531447	0.06630902430193186
1212B	143635	0.0825721481874254	0.05605495116334472	0.015653975009666775	0.03151997906006094	0.02943083246945061	0.038427478867570114	0	0.031935184030194866	0.08194749752443718	0.04330109810822052	0.05460727936365829	0.03933970993178723	0.015254241480095541	0.021051487239725993	0.03148305730188058	0.040813684992689274	0.05575990037728038	0.05471723255689992	0.10292004066323131	0.08536211873980168	0.0727793457023096	0.12944533455405507	0.11313061184309377	0.01591309420646922	0.019694008856023466	0.028973284126920434	0.05049063191397885	0.04722668617890627	0.021910150916289128	0.042323607077927955	0.12322828665241113	0.05725531972518894	0.04713957494941896	0.10572906000409582	0.01969271670183456	0.03421597046920391	0.07053152748678042	0.018422278004056974	0.009327056058358549	0.028817617784181123	0.03241550100491248	0.030678154530294592	0.03635472581121293	0.1306506334864839	0.04408316810034239	0.026586543258198446	0.11952599929253623	0.047921021320384595	0.038260121249105744	0.03580804719321002	0.06145097046024911	0.06828076335491276	0.03327105690937309	0.026844484361848858	0.09540466679645047	0.15987741468957678	0.026822377680271514	0.07204243065905093	0.042391665056031855	0.10534725391575189	0.10260177710668447	0.03695700884643066	0.04693124785325767	0.062178051750121345	0.08509169577947145	0.04799898378060359	0.16556672899085345	0.05641695448782406	0.0498081263352465	0.05101565811549289	0.03863112230902865	0.051914041687521194	0.04677164396887159	0.033333879589447564	0.023142614191492345	0.027491386939930407	0.11591127862362555	0.03957568907461901	0.03349125256185586	0.048662172325804234	0.033265830210403795	0.02425948490185871	0.11985957969042833	0.04349734106806354	0.04877224015400775	0.04700354103104085	0.11465778997323497	0.06051306308081857	0.04896931621815838
121C	143639	0.06704619165943056	0.06772365616360297	0.03659164520920755	0.05290286252619153	0.0381199300148915	0.053216488963377655	0.031935184030194866	0	0.057312101896917156	0.04927532899789555	0.03252372541662476	0.019770393289722767	0.03431678572619958	0.04326088196402922	0.04089514333743179	0.046299442166441204	0.031627516201800925	0.04807270048589759	0.09226858709795625	0.07621476465290054	0.06551921566190733	0.10415130685159277	0.09441186312080273	0.031759531463744294	0.03249661194989102	0.02579744986620326	0.02989194489687662	0.03127568276862294	0.04094960680449106	0.034351025708857376	0.1003024741390822	0.040391304382599504	0.032126991664852826	0.08537936101888643	0.03713584782053195	0.03536989291362353	0.08321566833717815	0.04129043867148214	0.035404537585629635	0.034625024774534864	0.03341536033779501	0.014566651893435804	0.03474695560048088	0.11225867955137232	0.026016593564644794	0.04359912619398735	0.10423521669643697	0.031944385093769324	0.042704450521570424	0.030928158469251423	0.058516855032645365	0.053043830349471854	0.05258130792523794	0.032783121517328206	0.07601383986959137	0.1444299036340841	0.036450196924024736	0.07483255938160335	0.059398287828228424	0.09120286254124937	0.08091651360570469	0.05511417188024295	0.024618061374502193	0.04075916627255225	0.06622673978013138	0.04547845215123122	0.14264091647752455	0.03858583247156153	0.05563634357195363	0.0520533779093652	0.057626342946476554	0.06762305457697373	0.0603953916752844	0.020366283186153845	0.027956535619073724	0.04200807592116705	0.09083645312742097	0.05664098388105233	0.03418372448563407	0.07337116001938643	0.027532952578086783	0.0264492927393562	0.10576025971990102	0.05527343912290387	0.036550195998525804	0.04019926438021938	0.1000851809123025	0.05722526440555704	0.05402718365735736
1221C	143642	0.0530543663885321	0.0971991753406748	0.0871036365891191	0.0991502512757288	0.07739072580891283	0.07822843462112661	0.08194749752443718	0.057312101896917156	0	0.0733426974991483	0.05128070945977518	0.0572838306342339	0.08443366869307695	0.09349956244070727	0.07843757690059305	0.08509309632276571	0.050955634376964896	0.06830437864344506	0.08393662934317635	0.08268011036550053	0.0822715510013551	0.09188810899227695	0.08814857205528144	0.07848426579607096	0.08014700257043723	0.06724681305043599	0.06238223978279951	0.06609606137594813	0.08036199082180348	0.06979557119288461	0.09429809957793063	0.0752088044551484	0.05915714826027884	0.09889054076585338	0.08449375789128977	0.0715984466203577	0.11367543930901904	0.09087555140463842	0.08150775639267942	0.07041346515242673	0.07542530310418168	0.06087620053301152	0.06383845577820754	0.11812901083210536	0.05957780232258624	0.0948886653378571	0.09939581933378136	0.060624387292333895	0.07828057990914751	0.059824769817892205	0.08095949213648836	0.08078026969514418	0.09189980098330615	0.06503496656593512	0.08948293768595605	0.13877389551852923	0.0706121233907749	0.11524306438831741	0.10433678493422233	0.1048381639211971	0.0740069452105891	0.09851971780092408	0.059610614199476025	0.06615154617021621	0.07141222168513396	0.06781105341398837	0.13912423373880609	0.06349219296892611	0.07773437996972046	0.07331078125656534	0.0908831241160074	0.1031906829603859	0.093351537750792	0.06404508717210915	0.07276347745475772	0.09035129593947148	0.09232529646159339	0.10698301681029047	0.07635367881968236	0.12401358496333939	0.057402108601650674	0.06438236904744074	0.1291351146200975	0.08782800323654799	0.05842773871260824	0.06532161585521919	0.09698042495010098	0.08812707863102359	0.08923273195220696
1222A	143643	0.08681696410796998	0.08129927467675811	0.05000976316597448	0.06398321233105048	0.04289249012290012	0.03106139692689131	0.04330109810822052	0.04927532899789555	0.0733426974991483	0	0.055779422476369106	0.04399229637199741	0.05389095210383027	0.05894149584015885	0.058329453571123145	0.06668946050481872	0.04513661467303849	0.06213307240704502	0.11531446299658221	0.10174382763145849	0.08173468517668843	0.1161830560038585	0.12365537214965353	0.04753680361708355	0.04383389760488062	0.034257137005139965	0.05633220382005269	0.05504453530152155	0.05201180931487757	0.05283112082742455	0.09305331821888112	0.06911460516967503	0.030786143178852404	0.07879425384653686	0.051455117976814124	0.05588663501960048	0.06484850690148705	0.05620745433274471	0.049539652920429264	0.04829077645892102	0.06428227482952356	0.04651056449069694	0.03886808439097573	0.1371406122219906	0.057499860042297436	0.062253708254727085	0.12578481121527477	0.06063629326723847	0.023652385045911786	0.050302529225934596	0.06458633063319769	0.06472909659187692	0.057430077277596636	0.029468204532393037	0.0722826741473802	0.17074259815864457	0.04784088850419696	0.09236926719452232	0.07925739857193397	0.1087704587027921	0.07740860503537188	0.07209595681796518	0.050279646450104236	0.06081939927419373	0.05285281210677066	0.05036786340124907	0.13539176055732347	0.05240876765915832	0.06115854145057047	0.04792360562114712	0.04878159034263681	0.08600909958113662	0.05158910832544938	0.04443944442881077	0.03783406564697643	0.04853981049546252	0.08417749267369685	0.07077337659990605	0.03585992811765014	0.08323695850218064	0.04232105966334339	0.03968759620743707	0.12143053759660243	0.04275368979145601	0.050266379085165895	0.0655890124946987	0.12240937105232934	0.06987893632644974	0.07972176431367575
1222B	143644	0.08057353645343784	0.09369092769851307	0.05688992478798582	0.07262098817952964	0.048006795666522536	0.06200793408605435	0.05460727936365829	0.03252372541662476	0.05128070945977518	0.055779422476369106	0	0.02799029403368542	0.056968622250597345	0.06616392874115368	0.06114238918101234	0.07321963983936329	0.026025935170477986	0.05300036368044613	0.09086210103909219	0.07943477019697402	0.06917467431349464	0.08412632309560988	0.08438129691384937	0.05257085156416613	0.0484819672274149	0.031436456527689116	0.02889566487442393	0.03809975582064483	0.059145013520363804	0.04837228011749519	0.08040606978660073	0.03575070666420275	0.03852929206510472	0.0690207265952492	0.06189993982887922	0.054119266771224445	0.09760608123439986	0.06306557436914952	0.056477995621397596	0.051527039032663785	0.058336049203205585	0.02708596713021494	0.0392156379938377	0.1018374081295935	0.02628627508599028	0.06693197884484477	0.10250905068382947	0.0224907969477559	0.04749672394568323	0.04678459607721371	0.061127402209771205	0.06258614401167144	0.0662888736470549	0.038795249249286	0.054064687519265554	0.13775811209439529	0.06101252118245153	0.09033987208785146	0.08805641489247	0.08340253180811336	0.06326773213578127	0.07849155714971734	0.03439959424953657	0.035977227396835836	0.04211682343191288	0.04894372978945558	0.12274451212504307	0.044690265486725646	0.07308576911946142	0.06011608910748203	0.07598950992398164	0.0907997649910036	0.07216537610619474	0.03243401267683393	0.04488726095943166	0.060507782892194016	0.06867811661681723	0.07596880920053455	0.04779830664955304	0.08753563645736516	0.03628661590176308	0.044456730785538155	0.11865114568232468	0.06052444455936446	0.04059755011014119	0.053045158836510994	0.10071870683922451	0.06844810436757467	0.08100597440788865
1222C	143645	0.06480960779680972	0.07421296808760616	0.04645229136467365	0.062075076375459164	0.034053737789099245	0.05360060834555603	0.03933970993178723	0.019770393289722767	0.0572838306342339	0.04399229637199741	0.02799029403368542	0	0.04635998138119473	0.055675945602504544	0.04364308822754156	0.053585632965818114	0.027412401092104244	0.04963729718949316	0.09254637166427063	0.0886211818441337	0.07658695979779447	0.0990409341013025	0.09368762479791906	0.03924913785457527	0.04099429243708169	0.02373981359129583	0.030323338613421777	0.026196275650246067	0.04497544016769672	0.04295635453513421	0.09262416855908147	0.04369241346330259	0.02500182790620077	0.08679646768934898	0.05087465896324829	0.0361928291044382	0.08937028334687486	0.05391747140690177	0.043476108437790865	0.03763108990952439	0.040962164630505574	0.015437720049481407	0.026515100367372004	0.1152969233258767	0.026466398016563558	0.055150699231596934	0.10141956245296242	0.03248518192592106	0.03955302437488735	0.02971920058496227	0.05122785710304098	0.046797817550868995	0.05782815377799314	0.024758717032157842	0.07649301593838771	0.14577980778380437	0.04746919054184563	0.07746393163374202	0.0773219955261269	0.09095330621774877	0.07411557684032025	0.06928905108704489	0.019052086730101826	0.0422135824810369	0.058451161984647435	0.03664932594186164	0.13496261089752384	0.033057539765273376	0.061887450294633106	0.04718851551898763	0.06209299153504385	0.0738776365960179	0.06510111868398519	0.02525553060712752	0.032004859954550074	0.0458458020505558	0.08615412772128621	0.0659411399429442	0.033568373600527085	0.07707338987462269	0.016594780370405363	0.029959317573383687	0.09943904177139122	0.05475406971421969	0.031779872083524244	0.04807644707477837	0.10221329694283515	0.05097925160695419	0.06454204875482182
1226A	143646	0.0849921677137845	0.0513866503219753	0.013275088516786313	0.021040606327341442	0.0180589459042718	0.04120649928491978	0.015254241480095541	0.03431678572619958	0.08443366869307695	0.05389095210383027	0.056968622250597345	0.04635998138119473	0	0.018757047305539332	0.0255917337498498	0.046777635983529825	0.057299983143512964	0.05487353854794081	0.10405002173633986	0.09071666931511203	0.07791135187336018	0.13330317221438073	0.1172842693136732	0.01593616221222827	0.020616796166377297	0.0329237116678489	0.05553066817910365	0.05468837665752419	0.016251488933026373	0.043282965837742465	0.12939349646802367	0.06508219582297768	0.053410314811872084	0.11222013599069978	0.024384934799491602	0.029965003566162482	0.07368102327779745	0.0122108996022086	0.01589184275901868	0.02954768973037858	0.02465923211290269	0.037139414163885796	0.03994403865898994	0.13935371349447248	0.04925127468694394	0.020595376786015945	0.12386056657469337	0.05337646140558468	0.04197018687297399	0.0354814432261596	0.0675518115836418	0.0763948373584532	0.03443643836266599	0.03416126627242715	0.10285461484140475	0.16478064544254117	0.03630997460873443	0.06996811675705811	0.032220460066979116	0.10850677447984947	0.1101128712072879	0.02721801139940162	0.04558387961444495	0.06693876110478073	0.09329364723810857	0.0508889220172089	0.17173193880646603	0.06449671205923467	0.04941328957973957	0.052273055442482654	0.033659928828044264	0.043345533765040925	0.046500327745113604	0.034043642336147144	0.026896231323609434	0.03137835402020035	0.11784677516249183	0.029359871880130596	0.03602017104509272	0.03993958459005924	0.04126154691382204	0.028223941170526762	0.12793933726183898	0.03854799650428425	0.051556446680807645	0.04497751124437779	0.11423115324945878	0.06697032951642912	0.04750005570078111
1226B	143647	0.09801606114987595	0.05237873088277404	0.01969207873956978	0.018054157637285143	0.029608578973286143	0.037202842700565564	0.021051487239725993	0.04326088196402922	0.09349956244070727	0.05894149584015885	0.06616392874115368	0.055675945602504544	0.018757047305539332	0	0.03552527775951612	0.05266687131008547	0.06610716909459047	0.05283963258246018	0.11707734585093076	0.09706400112364816	0.08622140067398794	0.14221904436665814	0.12702004487485483	0.021149069256097337	0.023336064653239202	0.042327143776278185	0.06493799223372973	0.06363760423016983	0.025531150275610832	0.05204573837746284	0.1375486516995951	0.07448951987760377	0.06230508820573235	0.12127415781834852	0.016057412502075985	0.037896175785600936	0.07078495403967103	0.0076914592246402945	0.024087074709924675	0.03890433199675283	0.04057710467058906	0.0469507222337411	0.04908586826563327	0.14600023506323476	0.05865587740452194	0.019549886494734107	0.13723776223776227	0.06250764672720079	0.0484307898937184	0.04122292457073988	0.07651836552417107	0.08534406493109889	0.02181972448495259	0.043918000607833824	0.11190863666905346	0.17740055486340342	0.04062413148874409	0.07577008600111182	0.026992993390581428	0.12204919946016428	0.11937861490804327	0.022561466615876418	0.05879900793764617	0.07076702353012171	0.10270097129273463	0.05886022706680164	0.17988709403803746	0.07300516951778345	0.045916092318683814	0.04927173068165575	0.031034780038425573	0.037027323260001535	0.04268754535558781	0.047881269648914565	0.036303555378235534	0.02613037547326231	0.12674532094688565	0.029248935670208726	0.044965506671541526	0.030514022522632144	0.04998614963284887	0.037631265225152886	0.1364477947203878	0.02994078395659223	0.06050205694174138	0.057983617044888254	0.12680038088206916	0.07803620325464522	0.05361854107294455
1226C	143648	0.0755033329622968	0.06058228169316509	0.026016464315518274	0.025973017920556726	0.03001359471284254	0.04519863454212637	0.03148305730188058	0.04089514333743179	0.07843757690059305	0.058329453571123145	0.06114238918101234	0.04364308822754156	0.0255917337498498	0.03552527775951612	0	0.04475493808481473	0.05459596110002611	0.07259558016323799	0.10235460916953029	0.0994072026922492	0.09223843625171203	0.13134385461501671	0.11532495171430916	0.021282197213982196	0.04549744022192655	0.04336315114428975	0.052264637229583785	0.04498433262455825	0.014825499754912144	0.05122206877904048	0.11893529110171862	0.06380050747026217	0.050903637067039126	0.11257955685483433	0.04525925404745078	0.02044085966187671	0.08851580031637418	0.030144066886324417	0.030662788405125367	0.028292968855427796	0.015644469630593873	0.03895197103231533	0.047045494093778756	0.13910224417726302	0.04555670818307073	0.041920916151133546	0.11226219978013378	0.05645457537983949	0.05181291323106344	0.024167866761595512	0.061528638010262544	0.06472602267720483	0.05334369627790253	0.03788672749933321	0.10210670097291759	0.1552375752804899	0.03892155590829995	0.054374617920042896	0.04723060961875323	0.09671436923487947	0.10056501668741759	0.03188518742721144	0.04129512597480906	0.06104120145149377	0.08670896601488838	0.038242184812907615	0.161273733440161	0.05882295368133549	0.06504641233513679	0.06593629767309529	0.02839162029200652	0.045146742028458	0.04820563896290224	0.03701969876863745	0.03480463920681366	0.05089205279389121	0.11108833777413406	0.03742105341004899	0.0497644784966677	0.05401963166167594	0.03281979367137546	0.026677641861370182	0.11662025416046312	0.042847875489699525	0.04585901610828879	0.04886130412965271	0.10676451040024074	0.05951038775610484	0.033672945820037006
1255A	143649	0.07837029294729092	0.08294291022363771	0.046490190398591355	0.0600232411084191	0.05197528453038775	0.05538306308857893	0.040813684992689274	0.046299442166441204	0.08509309632276571	0.06668946050481872	0.07321963983936329	0.053585632965818114	0.046777635983529825	0.05266687131008547	0.04475493808481473	0	0.06752877765882553	0.07957441422182213	0.11636636636636634	0.0924316089289263	0.0900247640366261	0.14084148649192738	0.12696281754375413	0.04494073801750248	0.05168283705571066	0.0551519930565846	0.05926022022058632	0.05856378314200858	0.04785949899814115	0.06345880851396342	0.10652952747408596	0.062178909973304386	0.05767614919770354	0.1150221549767643	0.047967554425000225	0.048513146129766926	0.07936805665245088	0.05297910741168598	0.046421192881083755	0.047197138642515034	0.045551477217862756	0.04901779603011637	0.06318805736383971	0.10917760066822116	0.05815572706459913	0.045186688213066345	0.10738286354302781	0.0683206905719506	0.06666281053879743	0.04342585587857395	0.056753702781186584	0.04118802531769611	0.06021201523155929	0.049838297461717126	0.09035297728268739	0.13869152538266313	0.040988575298178134	0.06654116206819248	0.07298957525465288	0.10265947277336503	0.08895971885950127	0.05893769570289322	0.054582518335754636	0.06638689066719389	0.08006196471722546	0.03627417082401316	0.1488679698125283	0.045374974044251636	0.06959607276274352	0.07798186642663589	0.058145731579822134	0.0746504554091014	0.05355653234086242	0.05504744845314847	0.050646810819568	0.05874576772605027	0.11239974529402086	0.06303864080402166	0.05996102220062593	0.0804781331385666	0.04337089370409583	0.03161619508524826	0.09385841161143268	0.06256459022983248	0.05201705111148034	0.06924771700392104	0.1236994219653179	0.04699415878940241	0.041893429284941566
1255B	143650	0.07775474976543782	0.08894509370699846	0.05976949936875816	0.06937116273940006	0.05037754652398197	0.05239136129940726	0.05575990037728038	0.031627516201800925	0.050955634376964896	0.04513661467303849	0.026025935170477986	0.027412401092104244	0.057299983143512964	0.06610716909459047	0.05459596110002611	0.06752877765882553	0	0.04734483341789277	0.0902376735710069	0.08883681034218667	0.06878976478404233	0.08802078096195745	0.09174092662774425	0.052074132132356295	0.051805561991203515	0.038983121371437515	0.031690299989771166	0.03795733004871847	0.05584565643919468	0.046150031421349234	0.08254408254408253	0.04696778401341435	0.02640563718106516	0.07450704753336333	0.06331873396550014	0.050882421705731005	0.09401709401709397	0.06448125549455214	0.05818944032572025	0.049620132953466276	0.05153816560804283	0.03501967168633834	0.04056697851912098	0.11293801406795757	0.029554311163506573	0.06887281759076627	0.10316843650176984	0.03923226044438164	0.03983344124189194	0.04056392762533111	0.06481481481481487	0.06221764898554486	0.06703683956361967	0.035996799876090356	0.06937294872697028	0.14845910126146114	0.05783122183831404	0.0940327297924063	0.08733826946885363	0.08926588511433331	0.06445691769074856	0.07561767833085664	0.028864452777496236	0.03816957281581645	0.05181379051713042	0.04922606984462657	0.12488252488252488	0.04982953999807931	0.06831640767383736	0.04732355417286922	0.06678518915246502	0.08380166526777869	0.07097949311490977	0.03358633638531856	0.04103343103551823	0.06310576323811336	0.07130117699223393	0.07811289699302636	0.04483464184481995	0.08970922401343115	0.02899837101922109	0.04593657647190289	0.11598367221839108	0.05364408067110768	0.03793449933042274	0.045510008528499304	0.0900685627082544	0.07025822438268169	0.07581503360790982
1255C	143651	0.09805226892140445	0.07216009691547853	0.06227974144906564	0.06091924045735991	0.05364588957114092	0.05201346244685875	0.05471723255689992	0.04807270048589759	0.06830437864344506	0.06213307240704502	0.05300036368044613	0.04963729718949316	0.05487353854794081	0.05283963258246018	0.07259558016323799	0.07957441422182213	0.04734483341789277	0	0.11404418116746881	0.08681838267786127	0.07483391145863952	0.12248992747784043	0.1199104390493041	0.06129067992440604	0.0443966593976383	0.04369086287247559	0.06100560831754284	0.06749524520307196	0.061723799902892264	0.0470691302962727	0.12262330823974657	0.07464429117799744	0.05347914856047124	0.1079488103821197	0.04860969126967902	0.07684689830936714	0.08717509659290482	0.055372990898984356	0.05927874063422381	0.07040238609776568	0.07136675850828511	0.05182648401826484	0.04921279250297932	0.1303923844903645	0.055031578579051395	0.05408527194617815	0.1346824408468244	0.060190950601909494	0.04601060640034206	0.06757490186653849	0.09446380805706413	0.09175556413989835	0.05275396845948675	0.0524453048820895	0.09926822073967397	0.1716571705661292	0.0638388953657826	0.11358229861589232	0.07549909488901156	0.12160971327292905	0.10303618891842162	0.06466724313172226	0.05977674301081085	0.07154611672311982	0.09290577818446054	0.07876398499898003	0.1649617505781889	0.07063452362628901	0.059078584396293585	0.04934768427919113	0.06965199041453558	0.06694992326493492	0.06705907534246573	0.05008996599681963	0.04864900798586386	0.04632359225790406	0.1136580592811799	0.06449197105759404	0.04683938094740139	0.07617490236854514	0.05853628617357455	0.06195965493523466	0.14450882540107848	0.053220528933227935	0.07057713623325743	0.05615993373176426	0.10549132947976879	0.09979613953703514	0.09002470660901789
1262A	143655	0.10734532127317697	0.08629343629343626	0.10054842890145184	0.11808047933702383	0.10713327620842074	0.1268263953608781	0.10292004066323131	0.09226858709795625	0.08393662934317635	0.11531446299658221	0.09086210103909219	0.09254637166427063	0.10405002173633986	0.11707734585093076	0.10235460916953029	0.11636636636636634	0.0902376735710069	0.11404418116746881	0	0.0869156253027221	0.0833610434468804	0.09523582405935346	0.09107076450618395	0.09778883687180631	0.10999738032759222	0.09943113216309092	0.09213130469740541	0.0997144772188709	0.10647002621637258	0.089730745544699	0.14264264264264265	0.10695149906286795	0.08799887500793849	0.14411055792634747	0.1167338980771817	0.09133210997685735	0.15858165858165857	0.11154648458637455	0.10245051681515771	0.09227676176828721	0.09704676347735837	0.0954847704847705	0.09166929868098482	0.16670484043365402	0.09557546051798926	0.11724416724416721	0.11632371007371005	0.0892872211054029	0.11398722666328304	0.10293187924766874	0.11712155942925179	0.11636636636636638	0.1317574663510391	0.09437512841106481	0.1336854587329572	0.14795769220547983	0.1152801737908121	0.1269939783804602	0.11483460967997046	0.11570639563384427	0.11748688987494957	0.12292608222840788	0.08879927358188228	0.10551908582543158	0.11585603285013898	0.11874245379400022	0.18750048750048753	0.11290574282147316	0.1146206447411267	0.09134476942696118	0.11941327750727228	0.10061929149066075	0.1379809496996997	0.08740090445802469	0.09585070355264466	0.11959719220070887	0.1383238639336201	0.11704472817268456	0.10505639227013273	0.1279417104659823	0.10024840397735345	0.09669088406152415	0.15390390390390393	0.1276479181884587	0.09885657739271077	0.08137260198729467	0.084607439809752	0.11428686283968481	0.11942733344833412
1262B	143656	0.12149460210744069	0.09604125521176216	0.09063126274966941	0.10841166264912255	0.09674006520547639	0.11191045606229147	0.08536211873980168	0.07621476465290054	0.08268011036550053	0.10174382763145849	0.07943477019697402	0.0886211818441337	0.09071666931511203	0.09706400112364816	0.0994072026922492	0.0924316089289263	0.08883681034218667	0.08681838267786127	0.0869156253027221	0	0.05548940883289494	0.0818975332068311	0.07596151368068382	0.08970006208490505	0.08778772317524924	0.08232291320252745	0.08159054792921719	0.09446567265718013	0.09950049581940253	0.06665211757484826	0.14073815751235108	0.09336177431828957	0.0896113655805694	0.09948217317487267	0.08921414433210295	0.09990790801148561	0.14260752688172043	0.09724098149709368	0.08974276718350858	0.08984228456070996	0.10148953669012155	0.08067588325652847	0.09595347083849429	0.12260494502156614	0.08623298864307392	0.09339186867722848	0.15598607038123172	0.07593530614058473	0.10191829266795192	0.10062889077532543	0.11983775529681236	0.11233363655447483	0.10749192023903897	0.08967251488062065	0.0987109031849476	0.12672566371681415	0.09279512697323268	0.13783418124895178	0.11775795870242164	0.13508288801341814	0.12775477451452413	0.10778087378987605	0.08945216541289475	0.08969859532716881	0.10487356613220104	0.11231127369471235	0.1538835358190197	0.10008064516129031	0.09919937815779245	0.09534835763735455	0.11175945422386926	0.09781823049123278	0.1186491935483871	0.07238679109103417	0.08548164905972891	0.09574003256911787	0.09982241204900531	0.10202077505428517	0.09231346958877125	0.12401218574723118	0.09572738012089234	0.08340657030873282	0.16460604148592162	0.11369824925186738	0.10403793659965335	0.0743279972916768	0.08357262726086145	0.11453620279165307	0.11705034967821634
1264A	143661	0.11475225128368324	0.09237686490905375	0.0780547709872438	0.09499870284536485	0.0807205248545892	0.09581175077697202	0.0727793457023096	0.06551921566190733	0.0822715510013551	0.08173468517668843	0.06917467431349464	0.07658695979779447	0.07791135187336018	0.08622140067398794	0.09223843625171203	0.0900247640366261	0.06878976478404233	0.07483391145863952	0.0833610434468804	0.05548940883289494	0	0.08752335268871497	0.07565306344044849	0.0776135451004728	0.0728784555278928	0.06833989646475819	0.06684683737692151	0.08725495372500514	0.08616710729036968	0.06575778747652186	0.13349186095967217	0.08560323166339716	0.07511046567748203	0.09184549356223178	0.07940768261695813	0.09129515988587204	0.12566165951359085	0.08438228713449948	0.07834027563712434	0.0821726138849875	0.0940051956052151	0.07300020437359499	0.08131618187362027	0.12297875091939252	0.07804855321504726	0.08336423123481555	0.13937524385485764	0.06625876399579093	0.0782965278038723	0.09040876063549438	0.11418213678035406	0.10363456937242235	0.09525463056864922	0.07219465462062992	0.08805051276545432	0.14981579247217897	0.08354316957355498	0.13022515452875244	0.10024536323815116	0.13263515161579945	0.11281361433177464	0.0957359588210971	0.07694221558748524	0.08209539730092695	0.09457574812179062	0.10095325182268243	0.1562398974416142	0.09009560206394364	0.09387691784920178	0.07214695861294719	0.09090980400945776	0.10103645397396402	0.10214256974248928	0.06384004374315812	0.06641315126806968	0.08287935848716703	0.10240911605927834	0.09869162478495228	0.069370092498553	0.10861513169109317	0.08499884701825156	0.0712248950068844	0.15700809049602824	0.0980703937901479	0.0885207050396711	0.072883300838851	0.06750849686174301	0.10781600342850756	0.10904362625156741
1264B	143662	0.12602302644504695	0.12887555022008804	0.1330759378108436	0.14871573760394208	0.12323287276024442	0.13083502366463828	0.12944533455405507	0.10415130685159277	0.09188810899227695	0.1161830560038585	0.08412632309560988	0.0990409341013025	0.13330317221438073	0.14221904436665814	0.13134385461501671	0.14084148649192738	0.08802078096195745	0.12248992747784043	0.09523582405935346	0.0818975332068311	0.08752335268871497	0	0.052021096054933276	0.12544300786787302	0.1266504314885146	0.11150293106933495	0.09016049726319693	0.09873944656948892	0.13448141158025445	0.10661692161008166	0.12866984631690512	0.10435830944906964	0.09995300436388048	0.09776573787409701	0.13540532630962834	0.12136468701353842	0.16303167420814485	0.14027780025352646	0.13433791932979453	0.1173778664007976	0.1304204854746431	0.10736694677871145	0.10862897858085917	0.10971529854879802	0.10115844038764932	0.14260122984104884	0.14945855614973258	0.10176956733106465	0.12065742627465909	0.1157641038871689	0.11432880844645552	0.11834970864701627	0.14198302383335187	0.10677317506131685	0.09689875696953891	0.10942217595002601	0.13471631205673756	0.16286539572501443	0.15547384089530844	0.14270716267159825	0.11105648229441026	0.15250276854928024	0.09725877702859799	0.09771484961599518	0.09485573404214337	0.11491947981941919	0.1231474407944996	0.09939744437100684	0.13066450676656202	0.10536203522504889	0.14576153176675372	0.14395736717923688	0.1416390931372549	0.10391898796897017	0.11932348643903393	0.13848409017605903	0.09497574639611936	0.15224580553871034	0.12042433767400089	0.1646127753837634	0.1036533169803607	0.11411028190501958	0.16827460568579508	0.13381085377905724	0.10388499315723813	0.10784960460946001	0.10966337980278816	0.12253114270310146	0.15187782339618983
