120A	143631	0.0	0.00038828708478495875	0.0005911849596016228	0.0008862772918986956	0.00018118116277173488	0.0004813684242221107	0.000958778544951089	0.00039692667699502837	0.0005485528982144613	0.00043481279414024496	0.0001536768906198297	0.000694651156478239	0.0014891700386276334	0.0006481099212206417	0.005545560514824155	0.004672506959069199	0.0028309845410379843	0.004746213167690766	0.004377042902871588	0.0001835835277338673	0.00036630862477709527	0.00040289591860930447	0.0004563763527757127	0.0004589075926568117	0.0006855857605835833	0.0006068849196998495	0.0003715412778875955	0.0012461997579989994	0.0002752853478082947	0.00040457835087687107	0.00013996717892447637	0.00020999354553307445	0.0008698702135360086	0.0009028060202335122	0.0005171215391657166	0.0009651193639096734	0.0018787086099072345	0.0006912934107235817	0.0004995539887905215	0.0005275202495220248	0.0006302859498698282	0.0005872461681179213	0.00241870981823912	0.0012951787493514105	0.0002829126260421263	0.0003180685460530262	0.0012118816054627313	0.0012287875236718358	0.001123528735989605	0.0014160532821583852	0.0006336455575133423	0.0007587838406003002	0.0007919190771385696	0.001032378163385376	0.0012181775433654858	0.0023375556478740563	0.0036331028506072552	0.0004552111192810634	0.0005516333085082071	0.0004678078531896964	0.0018317224966083042	0.0008310240206231826	0.0008917775776091179	0.0008295359176241871	0.0005426671683546766	0.0006543027108254131	0.0005249941179877613	0.0010059220722961485	0.0037353523672467664	0.0013494753843224733	0.001798347265564737	0.0039734870832316155	0.003894648191241806	0.004324964481526263	0.001987972646600041	0.0026041557809252137	0.0021062421327134365	0.0018006162091711128	0.003126670249134568	0.00544817320006003	0.0027689579224812405	0.0015970603466905638	0.0023593488652799495	0.0015799344314369151	0.0028704132503851922	0.0008610982296848428	0.0011021201876354656	0.0026883982324226825	0.0016006914747808776
120B	143632	0.00038828708478495875	0.0	0.0004896623941765058	0.0010047978966171997	0.00048112727902837455	0.0006683170225390874	0.0013125562179207525	0.0006722289661797078	0.0007242056933990727	0.0003340647630778465	0.00045157773454157306	0.00037067047075372704	0.0013999909828995398	0.0007105568593708347	0.005871023229679189	0.005058539412023133	0.003181165762577546	0.005105084509214798	0.004700493969778192	0.0005366288986396612	0.0005690115859515129	0.0006012682640044046	0.0008076410211927157	0.00045133907358217446	0.0003567241280944243	0.0007726681387734142	0.0006677945581108128	0.00159288361910626	0.000588046714101292	0.0006560234893584849	0.00042562142124704733	0.0004779502145960875	0.0011988149064564176	0.000561926904175105	0.0007144194023113869	0.0013078600471896898	0.0020195899580482497	0.0005312383078511793	0.00041649917475245206	0.0006824818484631734	0.0009776518683710226	0.00057251327556203	0.0027701388495610818	0.0012970087332879483	0.0005914568474784873	0.0005837938022965627	0.001585290462853735	0.001346545045166076	0.0012294947481488894	0.0015275553056415152	0.0005169396715669898	0.0005563908450676638	0.0009012321395636853	0.0013869641982244593	0.0011056021032030427	0.0026795048683887143	0.0037709242210335957	0.0004360972906132381	0.000898131336583328	0.00036182251597958776	0.0019392769299597598	0.001129416745987593	0.0011642210584550728	0.0007068582999499701	0.00046311752495497275	0.0010008417700289717	0.0004087401275634289	0.0011055089949038748	0.0038560015445338546	0.0016679847371418248	0.0017023712195874349	0.004094984215320188	0.004188574131779951	0.004454865416827095	0.002067206414608765	0.0027371142695619996	0.00225501987199597	0.0021708906118919256	0.003250256232623139	0.00557775561622801	0.002759656720287245	0.001719118872279659	0.0025081266045624833	0.001913471641995197	0.003193341918991368	0.0009632304585485508	0.0014723567292175303	0.0028183063458132856	0.0016664167549329597
120C	143633	0.0005911849596016228	0.0004896623941765058	0.0	0.0012712330791681673	0.0006667394425140232	0.0006045755172110383	0.0012674891441965181	0.00034933546804082456	0.00036078785912925125	0.0003287023526716029	0.0006242845197148741	0.00042352311205228106	0.0015064949632835093	0.0008020909940279276	0.005601814265134848	0.004957261305531603	0.0029418375909345605	0.004822864139914139	0.004464853033830647	0.0005955467545827435	0.00059452604080358	0.0003587849074085722	0.0005980676391434863	0.0005687668263989746	0.0004824383394251172	0.0007512686836370709	0.0005208345262562222	0.001462119869573429	0.0006789206273800556	0.0004246946340060178	0.0005901952160947195	0.0007023067931548152	0.0009922801256470196	0.0006799120040849678	0.00034012519094456673	0.0008830890358975408	0.002101047241058056	0.0006827039773552746	0.00036071483770819376	0.0004336024793663633	0.0007907231515209127	0.0005422178575433437	0.002501958328269117	0.0014022020068320748	0.0007637319649689816	0.00046709938530790636	0.0014814188635341435	0.001636942193612623	0.0011375803680408246	0.001634342671297338	0.000641771874076791	0.0006097386840750484	0.0011954329869338443	0.0012779527120267671	0.0012155182242156502	0.0024725217440841156	0.0037486589246961757	0.0003642115710388216	0.0006631157957339571	0.0005685415427956778	0.0019062395475789055	0.00112415324336602	0.0010625894402841705	0.0006918716533620172	0.0005808744901140684	0.0009055800388218555	0.0006276423519424982	0.0010772183042294704	0.0038865447133095855	0.001564143278036654	0.001791633657436014	0.004026414849041185	0.004030253644372078	0.004417318899356613	0.0019054154348208925	0.002727356174498401	0.002331795385484063	0.0020433647832947674	0.0033905068298014465	0.005515465989579294	0.0028964884499773254	0.0017337095316486873	0.0025849021180505763	0.001786764463708225	0.003086689145792305	0.0012202976038736047	0.0013448309006203723	0.00274502000078627	0.0018207119291975187
1212A	143634	0.0008862772918986956	0.0010047978966171997	0.0012712330791681673	0.0	0.0009330427022988991	0.001144170009403712	0.0006522824360431206	0.0010440910655835096	0.0012471093218587434	0.0011942993444011684	0.0008813777217987196	0.001013412834427707	0.0011062842388658185	0.0009375353651460584	0.005727288831773216	0.005101937921921992	0.0032036170254490927	0.004857301517560425	0.004792002345871943	0.0008029811245296486	0.001035657694657863	0.0010996049647614453	0.0009016536744984626	0.0008139056330132054	0.0010509838783938344	0.0011973654073950308	0.000958743971098439	0.0007872457958469941	0.0009047403029411764	0.0009842020210984394	0.0008834208493225116	0.000979726292411978	0.001274192936413728	0.001365368090132189	0.0011170500040099628	0.0011532045264485528	0.0012000883633946475	0.0010596530108443376	0.001202664454234858	0.0012494154645169436	0.0009280145603631268	0.0007991356774909962	0.001985225721634746	0.0008650854992234914	0.0009653002806299044	0.0009735078608773201	0.0007367761194143561	0.0009708077101122098	0.0009381401647956023	0.0019524694273028507	0.0009349465950280111	0.0010577183857812728	0.0008265268418113591	0.0006178488864078622	0.0006691241279811922	0.0029310688410964384	0.0039892007690176135	0.0011867858973353285	0.0008845614380876786	0.0012691779445383896	0.0012088960838334442	0.001281595759113966	0.0013039142535807577	0.0014735538446301853	0.000862662347199374	0.0004985785656129074	0.0009141351143957582	0.00042412847568788087	0.003932714881793446	0.001263269745268107	0.0014917788656162462	0.0034860987088161516	0.00439438768869199	0.0038810697688815513	0.002265828590148273	0.0029052306446152912	0.001441107212866533	0.0012610588546701318	0.0026113340254934623	0.004737040009829824	0.002509191760278872	0.0008097990966940188	0.0016942139454330463	0.0014873250566955199	0.0025936349769313137	0.00040840468629233277	0.0006943219669018035	0.0019521156489194212	0.0019598559871710683
1212B	143635	0.00018118116277173488	0.00048112727902837455	0.0006667394425140232	0.0009330427022988991	0.0	0.00041139910885126406	0.0010286935336148934	0.0003954291442098091	0.0005192681066619261	0.0003815597805159138	0.00010912359073827658	0.0006543823481672028	0.0015170829667239063	0.0006412741159657711	0.005623821065838567	0.004691421216958774	0.0029358622491572183	0.004804580559747291	0.004470166381343201	0.00020740288677043535	0.00029556538429399687	0.00042151480660567744	0.0005636478925390108	0.0004634879335326357	0.0006595859931251877	0.0004939308433298185	0.00042592384733390815	0.0012728155976528622	0.0002235009130379409	0.00043146259904884197	0.0001118310731912335	0.000121766312418693	0.0009431170648854198	0.0008222261070449314	0.0003930123468752321	0.0009454593095666966	0.0017956861500495961	0.0006493988855370215	0.000461556351235865	0.0006278547517740083	0.0006846864700112554	0.000560334566432532	0.0023522554856688937	0.0013252738122141415	0.00017315626063446962	0.0003524924661246427	0.0012601653537105788	0.0011339784987777477	0.0010795867293269137	0.0014309447248107342	0.0006128357514690414	0.0008511920707272439	0.0009552364502251548	0.0010920339631815934	0.0011455714880430404	0.002444591307991557	0.0037354204882817975	0.0004336989604523167	0.0005912435912038428	0.0004855308744700575	0.00198232290164984	0.0009595777500521661	0.0008548272495475962	0.0008305727663554981	0.0004645447665863232	0.0007424759031800792	0.0006022140703291462	0.0010446401187498382	0.0038565852245908867	0.001377420020225094	0.0016938087880362953	0.003901844831825909	0.003918702372076329	0.0042870021704118876	0.001966648699530357	0.0027489802179425597	0.0021351239652141157	0.0016898117183659102	0.003067661605678906	0.005488453257740257	0.0026903322379557854	0.001525414890038391	0.002388230697780629	0.0015816366049164713	0.002905770623232739	0.000989754006473369	0.0010086180790856531	0.002728603110637152	0.0017233707246812203
121C	143639	0.0004813684242221107	0.0006683170225390874	0.0006045755172110383	0.001144170009403712	0.00041139910885126406	0.0	0.0013297042799478003	0.0004350443826115967	0.0003989675195761286	0.00039093096631722237	0.00038694520880669196	0.000619175062641321	0.0015386648690962027	0.0006285356017544776	0.00557844649607682	0.004793928412085707	0.002927420672911858	0.0047905438051995194	0.004374489043102672	0.0004375479299449724	0.0003323452395435901	0.00043652452166082997	0.000582844784287774	0.00047228630139844704	0.0006265788362809828	0.0005877412307853927	0.00042119168156719804	0.001354078085672836	0.0004903648978511515	0.0004152124738185516	0.0003899218302685847	0.00044904984574209526	0.0010064800653477753	0.0005486192259455279	0.00042726772668218844	0.0009579790797754863	0.0018236647851486562	0.0006114249149225382	0.0004782937345730007	0.0009109256656940682	0.000780649426506497	0.000507316926458126	0.002455578539749875	0.001344718557198068	0.00043150890977798064	0.0004367383907453726	0.001398433889734867	0.001432836052206103	0.001101247888782029	0.0014520317221139614	0.0005696060848467612	0.0008371948003101548	0.0011522396559979988	0.0011952606615644652	0.001138341940244684	0.0024345398805786797	0.0037297154325946014	0.00045920025109592405	0.0006239992508447897	0.0006916804660640587	0.001981468442511255	0.0009933155151875066	0.0009070201354286437	0.0010241458093066507	0.00046716410275473853	0.0007951491784692344	0.0005570012841532592	0.0010438215845622809	0.0038203518061162007	0.0014811658052173785	0.0017153142836356973	0.0039045166241720858	0.003761010542313455	0.004299508777884441	0.001955525089251983	0.0028127946059892887	0.0021629947022682133	0.0017570357716623578	0.0032583044284342174	0.005481090839369686	0.002747765468364182	0.001518352973353895	0.0024161014348347263	0.0016038438034681037	0.002868694745322661	0.0011918232894247121	0.0011469690530180364	0.0027213862311662213	0.0017625797462423878
1222A	143643	0.000958778544951089	0.0013125562179207525	0.0012674891441965181	0.0006522824360431206	0.0010286935336148934	0.0013297042799478003	0.0	0.0011477193979087452	0.0012313750105598772	0.0013806802485991595	0.0010854168411493798	0.0013707586670338634	0.0014714196024879023	0.0010494467833389888	0.005575020873727196	0.004839579208918641	0.002703018130768461	0.00466018336919546	0.0045576532818896905	0.00094783714562353	0.0011484862909659822	0.0011436669950610988	0.000753230905413248	0.0011110873814032538	0.001430540682127143	0.001258830109096371	0.0009945749599650743	0.0005181537463847291	0.0010796159686096791	0.0010137318361993508	0.001077023388115593	0.0011219700769777969	0.0012582997485590965	0.0017063833032819513	0.001222134759375625	0.0014366785531588222	0.0017861568835162514	0.0014157568753432111	0.0013841464303125817	0.0011868801702681897	0.0007626047477286371	0.001096358740244741	0.0019579088760635554	0.0012140600728673674	0.0011138412244346607	0.0009411171113960441	0.0008370216186117854	0.0013276878926729405	0.0010411317823994398	0.00210892939192566	0.001338629780107636	0.0013804366922608733	0.001054393750667657	0.000747991391664938	0.001118123145822371	0.002687387796912943	0.0039636970558563096	0.0011881953189855313	0.0007762074500606399	0.0013176613512907742	0.0012681391506831942	0.0013880768544426657	0.001232263580698419	0.0016556637967580549	0.001180741172453472	0.0005600909439330531	0.00124408812877492	0.0007483014691023078	0.003746520118279448	0.0013170151902998223	0.0018370161301859665	0.003506272444351906	0.004141952124038911	0.003925028800655592	0.0021373969266659998	0.0029182774398814173	0.0017051524395665125	0.001369713481230399	0.0026494582652202173	0.004889974441878898	0.0028287942053845153	0.001381388958947473	0.0019582643692745674	0.0015618291020812487	0.002539581790638605	0.00047272626311571815	0.000998924792225335	0.002110723895280257	0.0021651403500800477
1222B	143644	0.00039692667699502837	0.0006722289661797078	0.00034933546804082456	0.0010440910655835096	0.0003954291442098091	0.0004350443826115967	0.0011477193979087452	0.0	0.00024355256098664393	0.0004527758437262359	0.0003943208696100253	0.0005944380975438481	0.001531074319861717	0.0005601993070732616	0.005548332340700186	0.004841491436029901	0.0028897908075045027	0.004731824365329387	0.004417908638362124	0.00038768469363334776	0.00029952302524506515	0.0001289621920717424	0.00049045981634981	0.0003534626339774594	0.0005839877146698196	0.0005413873390607159	0.000367833676216286	0.0012287609529243338	0.0004974479094650732	0.0002806345240257041	0.00036706530293596475	0.00044520635065948286	0.0008449073660776222	0.0008279835311780055	0.00020480671796077637	0.0006667940287885398	0.0019021811057225563	0.000562074134557423	0.0005150430294540369	0.000562385429131166	0.0006080381874024414	0.00043166099593255935	0.0023177422534307107	0.0013337125180050062	0.0004638316180608365	0.00025045374577029874	0.0013000165786183717	0.001470982240749159	0.0011028629429457675	0.0016184693557062138	0.0005831071062458402	0.0006855501945279452	0.0010531753316320408	0.0010965510254548239	0.0011524675608556368	0.0023983349228327774	0.003712028085892511	0.0003624193999685661	0.0004694648039594747	0.0007403865821793075	0.001825660385581707	0.0009054559189713831	0.0008078907230738444	0.0007800448974084451	0.0003980951873123873	0.0006975471696674203	0.0005418030797687855	0.0009132077385658097	0.0038105098365703504	0.001399934012717935	0.001754909092689523	0.003922310947878966	0.003952791581856657	0.004317256735758454	0.0017345653559935961	0.0026782454748294497	0.002216372071575718	0.0018069454633828203	0.0032642781212431503	0.005450954199758693	0.0027846144712097487	0.00153484806188683	0.002469478804142231	0.0016572600466780068	0.002919689602060495	0.0010744420395336681	0.001108411580708425	0.002691199682875523	0.0016470188432859717
1222C	143645	0.0005485528982144613	0.0007242056933990727	0.00036078785912925125	0.0012471093218587434	0.0005192681066619261	0.0003989675195761286	0.0012313750105598772	0.00024355256098664393	0.0	0.0005476026106754011	0.0005448063595038014	0.0006942872233892741	0.0015815730874427472	0.0006092765502100842	0.005497081591252701	0.004851481151781758	0.002887771982201838	0.004712204452829802	0.0043423872243551305	0.0005195297787903515	0.0004474271734393758	0.0002209424486849006	0.0005921924316181504	0.0004365220248199278	0.0007203887111714637	0.0006761820364882763	0.00030572470422168894	0.0013979761566019922	0.0006717043907062826	0.0004245419279711882	0.0005556282666885427	0.0005459039563967406	0.0010142811465670867	0.0007973210124296434	0.0002977619138217424	0.0006929012893521322	0.001954307268090277	0.0006649631776210486	0.0006435997859858865	0.0006105413571111393	0.0006708595071947251	0.0005159479183173269	0.0024454339167645513	0.0013876267032436023	0.0005250852519506823	0.0003221175602809049	0.0014376396358176586	0.0015850870930278144	0.0011923438112077774	0.001617893828033303	0.0007410735827130853	0.0007494142954186235	0.0012098394669429614	0.001234166989712402	0.001269405963905562	0.002381528733023209	0.003664194539563949	0.00044922019331091763	0.0006007690409616924	0.0006559991854602719	0.0019283683194184244	0.0010322112668232355	0.0008729130910842184	0.0009170647781706922	0.00043752747703970554	0.0008857552939890332	0.0005914911174869949	0.0010789224327004097	0.0038387991247770753	0.0015203575557222889	0.0018464494030812325	0.0039176172859891	0.003816552680302324	0.00431263367415366	0.0016171938676623138	0.0027505305957823533	0.0022054430788229157	0.0018828069601223123	0.003259625544526307	0.0053893783431628005	0.0028988047544247476	0.0015869742242545508	0.0024585498113894287	0.0016462866295645653	0.0029846207025071942	0.0012393494125168781	0.0012743738281443136	0.002626285209609322	0.001697582017532144
1226A	143646	0.00043481279414024496	0.0003340647630778465	0.0003287023526716029	0.0011942993444011684	0.0003815597805159138	0.00039093096631722237	0.0013806802485991595	0.0004527758437262359	0.0005476026106754011	0.0	0.00036809440273332446	0.00035587867623928344	0.0014619835513363408	0.0006970710707463156	0.005699485163153659	0.0048490254668283805	0.002994640394256554	0.00491237582648516	0.004526958962196253	0.0004755801201985597	0.0003374342267041399	0.00047197084405736095	0.000633861044026416	0.0004888516985286311	0.00031530479106128253	0.0005202201180153327	0.0005093415786993126	0.0014050908029985265	0.00047717060731688934	0.0004502404171645644	0.00032547895383598337	0.0004021410955947261	0.0010068911224490773	0.0004834821430125053	0.0004066525070942568	0.001033153733738483	0.001906932174418072	0.0005258818241859657	0.00014981107946407683	0.0007189020319882569	0.0008071191366119674	0.0005246548658848593	0.0024860467814810444	0.0013608484128556889	0.0004797377843406046	0.0004734619440369328	0.0014319117492055462	0.0014428398382019276	0.0010141804439463679	0.0015036575761527495	0.00046663291864570896	0.0006431331523485007	0.001196858804427452	0.001246251435686937	0.0010564274808425194	0.0024882322408701944	0.003791228347269654	0.0002611756219757926	0.0006582969560465183	0.00043094377365419294	0.0020260450025919134	0.0010151111435861523	0.0009367916474884931	0.0006774435942265358	0.0004754416604962978	0.0008263522124430209	0.0005159408358510907	0.0010678911445536647	0.003886692098587561	0.0015146390220327596	0.0016180310813503625	0.003995026090784129	0.004025960098041207	0.004350806168277966	0.002082778502281369	0.002809548193916613	0.0022667649288901064	0.0018410781551578851	0.0033590784948404695	0.005602203447590248	0.002699132733535194	0.0016191270397601476	0.0025198716614566203	0.0017075588356113669	0.0029666937240126453	0.0012313788367414639	0.0011599109225735441	0.002842682829963776	0.0017652719703021814
1226B	143647	0.0001536768906198297	0.00045157773454157306	0.0006242845197148741	0.0008813777217987196	0.00010912359073827658	0.00038694520880669196	0.0010854168411493798	0.0003943208696100253	0.0005448063595038014	0.00036809440273332446	0.0	0.0006568893853260204	0.0015207984960372949	0.0005970801837835137	0.005589163823245577	0.004730807435435219	0.002912115518892488	0.004812708263078882	0.004425613766375901	0.00016133006328825506	0.00030724561349539803	0.00046257576028927415	0.0005481463375571965	0.00047529569686874764	0.0006416312542716457	0.000561167375507023	0.00041917797420968424	0.0013193647902293645	0.00018705796783713457	0.0003948139296718687	7.74476263142359e-05	0.00017472354619280895	0.000934652770325074	0.0008217661787551646	0.00045822445278312634	0.0009336320428629574	0.0017840440645469594	0.000649407602811124	0.0004334668569751405	0.0006526621928419571	0.0007213869295232405	0.000543293145168067	0.002425757742727629	0.00134913531418844	0.00018343514592099823	0.0004001997940617531	0.001308708889409741	0.0011080383671101639	0.0010858347589544522	0.001389550182727687	0.0005495598876550618	0.0008152309590649686	0.0008807842281246248	0.001160640546110286	0.0011742578119447774	0.002406088604911965	0.0036999486245427446	0.00046900977418420377	0.0005725795137436724	0.000532226263729618	0.0019283736281709104	0.0009371153119449184	0.000878040838522085	0.0007960397946201812	0.0005085753960133182	0.0007392434020952836	0.0005862404349139653	0.000995572099665291	0.003793603728399237	0.001404063543197279	0.0017023763230092034	0.003910096672651023	0.003942117853446359	0.004284826913229291	0.0019847490747975757	0.0027326701238540325	0.002118561655313512	0.0017288320062407599	0.0030555010583008554	0.005491822637425052	0.002704381100523897	0.0015338309001081893	0.0023716683878800254	0.001576788876775393	0.002817261272259645	0.0009152412883059039	0.0010619954661995356	0.002732136515936228	0.001698954086459699
1226C	143648	0.000694651156478239	0.00037067047075372704	0.00042352311205228106	0.001013412834427707	0.0006543823481672028	0.000619175062641321	0.0013707586670338634	0.0005944380975438481	0.0006942872233892741	0.00035587867623928344	0.0006568893853260204	0.0	0.001291863548187382	0.000672426114251619	0.005722909231898396	0.004998973063734551	0.0031241330904337047	0.004964896491822286	0.004653539555923865	0.0006368574734667337	0.000598047349757471	0.0006172664125162581	0.0006703580424223369	0.0003820422403969243	0.00015055021996766724	0.0007072335381490748	0.0006716959458801233	0.0014212024188294146	0.0006697282861143649	0.0005420219625924107	0.0006252319917504456	0.000692408204639468	0.0010942699052004438	0.0003954864893049678	0.000534797697415622	0.0011636433137765612	0.0018282158734189903	0.00042673738966667746	0.00028862918142017174	0.0007876630365384199	0.0008869853529234261	0.0004066373427121197	0.00252171577895948	0.0012032503992315997	0.0007466322237189499	0.0006029003359479744	0.0014915791657228613	0.0013775196811505754	0.0010355773300477344	0.0016534421876361822	0.00038238747383618213	0.0005670342947873938	0.0010439916854027016	0.0012880308132242856	0.0009284616096403807	0.0026793184124558854	0.0037312865981986134	0.0004415484727349046	0.0007593573177732479	0.0006288272753718968	0.0018478255178789394	0.0012157698127007405	0.0010661841925035795	0.0008215867605797913	0.00037013212467996157	0.0009316710153176589	0.000505217624932993	0.0009306705822711358	0.0037989174399631247	0.0015742158599899112	0.001417440847726704	0.003859898363531766	0.004148496661627895	0.004254913101668115	0.002009020454727243	0.0026911093352186043	0.002146998658396278	0.00197948723878592	0.0032106812358879445	0.0054128707409504765	0.002626846942991496	0.0014706958016780579	0.0024001053909627913	0.0017959925705644658	0.0030943340644522263	0.0010615469350375188	0.0012809533561115249	0.0026532654347179974	0.0017553315956635345
1255A	143649	0.0014891700386276334	0.0013999909828995398	0.0015064949632835093	0.0011062842388658185	0.0015170829667239063	0.0015386648690962027	0.0014714196024879023	0.001531074319861717	0.0015815730874427472	0.0014619835513363408	0.0015207984960372949	0.001291863548187382	0.0	0.0015577711278769862	0.006239417763113626	0.004981214652291136	0.0037298770789952083	0.005369537081410091	0.005296030524608393	0.0016015678815991191	0.0014268997122748102	0.0015018383664930966	0.0014914370796698805	0.0012273079026309524	0.0014054394174980557	0.0011193006111840402	0.0014282022912642757	0.0014580530715611877	0.0015022528132141656	0.0014867137011203482	0.001517168554094902	0.0015764907978455275	0.0019770094897427343	0.0016699508630296017	0.0014944136902897132	0.0019135277103436356	0.0010951951039292786	0.001417873722433296	0.0013802936439962785	0.0018545912039864983	0.0015384102235965304	0.0012653046372848142	0.002324934012520548	0.00030467287815431866	0.001545171882847468	0.0014136577029913461	0.0009956780361866672	0.001203808205517518	0.0007556723251341343	0.0027881134234254575	0.0010641521580575454	0.001375789170147008	0.001232326693791703	0.000865049209719107	0.0006047328141303135	0.0035719424627509355	0.004592494205582102	0.001600589476593039	0.0015725420066018208	0.0016577256375380621	0.0014185958157083	0.001437631180754384	0.0019027918593433658	0.002048596670951216	0.0012041627608420443	0.0010425399077061076	0.001169187287054722	0.0011037142512654828	0.004482817570879585	0.00037651389003712314	0.0009464697091801312	0.003826212169808357	0.0049834827650340014	0.0045784619310817705	0.002902123753576701	0.0035528225370444508	0.0011691995794558911	0.0013914533382599977	0.0031677863560628347	0.0046111645262295765	0.0021040444469828893	0.0012155649158531708	0.0013212689857171433	0.0012884170108665204	0.003043246415854216	0.0013226618897714012	0.0008775146874558802	0.001850289341524923	0.0026484990156353124
1255B	143650	0.0006481099212206417	0.0007105568593708347	0.0008020909940279276	0.0009375353651460584	0.0006412741159657711	0.0006285356017544776	0.0010494467833389888	0.0005601993070732616	0.0006092765502100842	0.0006970710707463156	0.0005970801837835137	0.000672426114251619	0.0015577711278769862	0.0	0.0055365532490696135	0.004970627817498043	0.0027164410704952563	0.004770568143120898	0.004457127397738791	0.0005378705502074618	0.0005700220575630254	0.0006306635657273728	0.0004360110232589793	0.0003819385514005605	0.0006763033637685609	0.0008108964801566918	0.0003837796270008001	0.0011576658401634859	0.0007679820951780713	0.0005602892049119651	0.000624994264187389	0.0006884900955723238	0.000952600972182968	0.0007927935269773629	0.0007208353847920216	0.0008931946931624855	0.0017199196175600648	0.0006146656730692279	0.0008121558447610117	0.0010159148012213615	0.0004759016026992405	0.00043325487719087625	0.0024119014359549194	0.0013638810597086178	0.0006382599008104803	0.00044326157326793553	0.0014417074366079746	0.0014604272315176846	0.0013389072604969405	0.0016525013432629257	0.0006338507325830332	0.0006703509120604791	0.0009039344665759401	0.0012382395251965956	0.0011811708040116045	0.002458805621028411	0.0035674605071267266	0.0006179581752251578	0.0003271302142252667	0.00096495229236016	0.0016738896323668685	0.0009784035270157874	0.0005800411732091614	0.0012320415424502624	0.00035396455296281623	0.0008273593023221243	0.0005283406465886355	0.0007094906362511437	0.0034380368810615234	0.0016475603512304921	0.0017992262410464184	0.003776256320337036	0.00395689571839276	0.0041712272217827116	0.0015117887309262648	0.002609613767459133	0.002035583361385941	0.0018712746782595672	0.003118143783242893	0.005243107274510966	0.0028765590914221952	0.0013525865737243387	0.002288690093952454	0.001768372754819196	0.0029255130099673835	0.0008073122785851597	0.0012494258837984881	0.0024833461471787245	0.0014684023355183002
1262A	143655	0.005545560514824155	0.005871023229679189	0.005601814265134848	0.005727288831773216	0.005623821065838567	0.00557844649607682	0.005575020873727196	0.005548332340700186	0.005497081591252701	0.005699485163153659	0.005589163823245577	0.005722909231898396	0.006239417763113626	0.0055365532490696135	0.0	0.0022747658164090994	0.0035412668139789103	0.0013201015444600144	0.002011200898522772	0.0054590912401645845	0.005627762258609723	0.0055927258215117785	0.005290522511275141	0.005510995311800279	0.0058291073330912985	0.005777340389949935	0.005232530337765733	0.0055203115056143845	0.005629012175526187	0.005386945754507781	0.005609473888622547	0.0056989016405169625	0.005554583646094842	0.005983322497574526	0.0056194376211605975	0.005136596905210037	0.006287545565233506	0.005825446789281048	0.0057425394413433304	0.005546043303772318	0.0053270917565546696	0.0054736951064582205	0.004322314014602903	0.006045634412959707	0.005597653331326696	0.005360319134385974	0.005838106940051528	0.006428912639101929	0.006042401224216141	0.004965257571533573	0.005686571299265343	0.005370602619510751	0.005603402918823386	0.005768906227847246	0.00605495750073908	0.003272464773724548	0.002499394708458656	0.0056406937717045835	0.005304211916653908	0.005917363380816391	0.005732939369384353	0.005385086250035207	0.005585577668811593	0.006270803348474852	0.005530160600049365	0.005544336131227806	0.005601547812850777	0.005600915682640999	0.0037642636169838532	0.006172324737487171	0.006767937623562095	0.0033729541839148387	0.0023649664029126213	0.0022047982429307666	0.0048039409135460795	0.00349514328086309	0.00581211886768486	0.005988046530710281	0.0045158910600728505	0.003163751426960357	0.005558834532265385	0.005882940597599112	0.005918441756378301	0.005140817156356021	0.003847214418565356	0.0058842723989152995	0.005926915431217734	0.005833209744536333	0.004495828203531945
1262B	143656	0.004672506959069199	0.005058539412023133	0.004957261305531603	0.005101937921921992	0.004691421216958774	0.004793928412085707	0.004839579208918641	0.004841491436029901	0.004851481151781758	0.0048490254668283805	0.004730807435435219	0.004998973063734551	0.004981214652291136	0.004970627817498043	0.0022747658164090994	0.0	0.002616020130732262	0.0019424534532648575	0.0022806099837150463	0.0046872572384789035	0.004752822276841782	0.004806023829074201	0.0045779157791557765	0.004883488219178717	0.005118478326400396	0.004944955109938038	0.004710500132954226	0.004789009973603653	0.004735420836605687	0.0048124851673005085	0.0047619640561061775	0.004782965843677477	0.004955393530345738	0.005245334455730928	0.00479763219567569	0.005175800582537518	0.005575008901227386	0.0051423052046529055	0.004822267766948781	0.0047611884128057665	0.004799191438247007	0.004969551185065071	0.003957303151108469	0.004943665209794212	0.004732084835419775	0.004733996370835082	0.004969641714587268	0.00533452219613928	0.005196623370808177	0.0040749343524376334	0.0048079395317937625	0.005161941081030179	0.004566951397828578	0.004960561078308427	0.005332376741440832	0.002654047815309712	0.0016656188717030665	0.004848575652011309	0.004813063618689986	0.005027570413346291	0.004852431957211749	0.00421398605041619	0.005242009188801804	0.005361359847628515	0.0049293536597041065	0.004686373532652897	0.004986363046399604	0.005114309039182136	0.0026522989996195434	0.0048414958158605565	0.005726273669669449	0.002948502913684032	0.001485811388506948	0.0020316206702683374	0.004030297591491324	0.0025900358540789977	0.004813114221700681	0.005183029201640931	0.004254788546652963	0.002955784221953405	0.004292268850856654	0.00542148050056087	0.004853019067716925	0.004250102895982125	0.0029456771238057697	0.005093159530131636	0.00502853231769655	0.005529821046305412	0.003665306397653544
1264A	143661	0.0028309845410379843	0.003181165762577546	0.0029418375909345605	0.0032036170254490927	0.0029358622491572183	0.002927420672911858	0.002703018130768461	0.0028897908075045027	0.002887771982201838	0.002994640394256554	0.002912115518892488	0.0031241330904337047	0.0037298770789952083	0.0027164410704952563	0.0035412668139789103	0.002616020130732262	0.0	0.0026357597928345546	0.0023931743943843165	0.0027643863671830697	0.0029538960728513436	0.002934376750120238	0.002454230038823294	0.0029845205349791205	0.0032170789171234978	0.003211184232251459	0.0027396011312814696	0.002701115669234206	0.002947537382712042	0.0027558201349241838	0.0029152001113704933	0.0029922651577829825	0.0028395168932929845	0.003314752895508368	0.002950734775915549	0.0031577721002489945	0.003967389913935776	0.0032183784149429533	0.0030597168739132513	0.0027859933758038642	0.0026173631702921746	0.0029688235560393914	0.0027185852040904697	0.0035360071725599558	0.002986295552861717	0.0027722495483313565	0.0032771515922301966	0.0037264312645509177	0.003466796777106264	0.002287382887929187	0.003051371326393507	0.003120332993469299	0.002980813771983371	0.003207925652395994	0.0035438201148910954	0.0012030396804201947	0.002126268441633815	0.002923808489969864	0.0025866959024922658	0.0032053389998298975	0.0031743703030616055	0.0028756230709625773	0.003048610912307384	0.003404331945637382	0.0030433263595957575	0.0028514609408481855	0.0031271418120077527	0.002999191041996332	0.00135205576432698	0.0035901220596148363	0.004120804597342094	0.0023926530365478704	0.002253858441382214	0.002497823802128817	0.00197539619421653	0.0016214722808839622	0.0034934019275640335	0.0036180909082112475	0.0027539205677965207	0.0034066762870801227	0.0035598334888763783	0.0035627516598600046	0.003628683952411192	0.002613336719081449	0.002385082536755626	0.0028862297311692095	0.003366074220312187	0.0039012029600586917	0.0020682874574944965
1264B	143662	0.004746213167690766	0.005105084509214798	0.004822864139914139	0.004857301517560425	0.004804580559747291	0.0047905438051995194	0.00466018336919546	0.004731824365329387	0.004712204452829802	0.00491237582648516	0.004812708263078882	0.004964896491822286	0.005369537081410091	0.004770568143120898	0.0013201015444600144	0.0019424534532648575	0.0026357597928345546	0.0	0.0012615770178830204	0.004656464589171506	0.004794840966098368	0.0047598011830750795	0.004499249947978977	0.0047529592580218775	0.005063222492881195	0.004957334935238555	0.004451252962713755	0.004591236283871294	0.004830518905886005	0.004602330220241747	0.004829689627112438	0.004902520688477402	0.004737976765291961	0.005225369026456707	0.0047953190852243355	0.004529471218702211	0.00547284773212503	0.0050595251352095316	0.004950535132208726	0.004755357133824793	0.004525412877080267	0.0047079495270494895	0.0036232728610940206	0.005175773723849508	0.004797201105578387	0.004534173142021946	0.004909067397371245	0.005581112966214755	0.005184075776969818	0.004200930336988944	0.004920651377056271	0.004590455127578011	0.004795393511852125	0.004839882384883624	0.005192978053546607	0.002544935579747768	0.0023548246371221477	0.004807782783605294	0.004509647694549644	0.005134880857727838	0.00485504069907107	0.004593363936328605	0.004827482865844546	0.005492741136348438	0.004772124546270965	0.004621603153210859	0.004835605800713936	0.004745182760461063	0.0030260355071889816	0.005283247648891721	0.005920147852337994	0.0027112958648005028	0.001807045064297868	0.0018248629587447726	0.004045862635379575	0.0027948749062849986	0.004989462812925578	0.005106291087221141	0.003817248033338099	0.002780356658000703	0.004918880000410258	0.005068237224161123	0.005095746621467286	0.004280733026816079	0.0033361083720454304	0.005028514745857547	0.0049978990053899126	0.0051401362945213205	0.003780452251654849
1264C	143663	0.004377042902871588	0.004700493969778192	0.004464853033830647	0.004792002345871943	0.004470166381343201	0.004374489043102672	0.0045576532818896905	0.004417908638362124	0.0043423872243551305	0.004526958962196253	0.004425613766375901	0.004653539555923865	0.005296030524608393	0.004457127397738791	0.002011200898522772	0.0022806099837150463	0.0023931743943843165	0.0012615770178830204	0.0	0.004312095145858462	0.004472390979740111	0.004440404004611122	0.004217029092342599	0.004467401490354011	0.004709060952378633	0.0047315925938959886	0.004210669438869935	0.00458277745902012	0.004511407025025054	0.004253480814484008	0.004445684269208533	0.0045341490882380275	0.004450279810625116	0.004802286410285907	0.0044991152933085065	0.004390480788303668	0.0050661778285160984	0.004689934036432443	0.004598555578271051	0.0044328546370496396	0.00438510060606083	0.004480975073747369	0.003999197575729387	0.005102288551039201	0.004489067805867231	0.004277508233502542	0.004900614368755212	0.0053149013473787875	0.0050550577947541505	0.0037898154157926336	0.004643103228432068	0.004617888124772909	0.004584483072161311	0.004831414482476134	0.005132133159658459	0.0024690310638618455	0.0025369756212330935	0.004449887901475501	0.004327392438365453	0.004727262742538044	0.004765891779239822	0.00434425813934135	0.0047683145318539516	0.0050968992850756335	0.004509424525449204	0.00448891324830701	0.004599292431813422	0.0046211971737692	0.0030781651603628037	0.005174985480391988	0.005708922924687674	0.002268820459533936	0.0019320270319296172	0.0019288721986889512	0.0036859242705198103	0.002784789866960164	0.004570202608327185	0.004751955005398187	0.0033558778470400732	0.003228201614382678	0.0050092010676746415	0.004661587451521357	0.004676493618241074	0.0041500022516887435	0.003587804904856914	0.00475166311220842	0.004989370261245422	0.00480766329769988	0.003418482035074199
127A	143664	0.0001835835277338673	0.0005366288986396612	0.0005955467545827435	0.0008029811245296486	0.00020740288677043535	0.0004375479299449724	0.00094783714562353	0.00038768469363334776	0.0005195297787903515	0.0004755801201985597	0.00016133006328825506	0.0006368574734667337	0.0016015678815991191	0.0005378705502074618	0.0054590912401645845	0.0046872572384789035	0.0027643863671830697	0.004656464589171506	0.004312095145858462	0.0	0.0004423605098096118	0.0004590110769984992	0.00042196662344774424	0.00048522848092792214	0.0006720245958425267	0.0006789363322961481	0.0003522824134562716	0.0012165298094947469	0.00026791978473578615	0.0003602541130897142	0.00019565758507243116	0.0002730598739093805	0.0008057787134788598	0.0008349553459730849	0.0004325701837306305	0.0008296438210662439	0.0017924339155022135	0.0006813646570767585	0.0005169373939409516	0.0005662953270131423	0.0006232526006295421	0.0005294702227357305	0.00231019203909955	0.0014075765923228965	0.00027445207584681484	0.0003804263330565281	0.0012878497039619807	0.0011930042817608804	0.0011775837480080035	0.0012840810104525321	0.0006650239227459587	0.0008378089913856929	0.0008159316593396699	0.0010843565024942809	0.0012280509433855562	0.0022640112745445163	0.0035658533116283983	0.0004575437857455588	0.00045553926327067255	0.0005646760854361622	0.0018296309941670831	0.0009355225465313017	0.0008345975228497627	0.0008374039050197124	0.0005185366679408736	0.0006901307506553275	0.0006686900280340491	0.0009188430526963481	0.0036720220488575712	0.0014618430095202184	0.0018051781712705253	0.00380198084350175	0.003835760905578773	0.004172713789730364	0.0019005020996686623	0.0026175231383188196	0.0021049682552046816	0.0017110739064097316	0.0029463829572386195	0.0053616827457428715	0.0028030575700550278	0.0014254880426885625	0.0023580749877711946	0.0015944652973969614	0.002816465633926963	0.0008156289889344671	0.001063571816668998	0.0026018228209469443	0.001642184838136626
