120A	143631	0.0	0.00013075284741654203	0.00024426822948224675	0.00041914015536192664	0.00011129136408270603	0.00025183701499087945	0.000573616270189152	0.0003914138274937469	0.00038172288870435243	0.00011951370101050518	0.00013684263671835884	0.00021405485746873407	0.00039297867254699855	0.0005134799625512756	0.0016394222180258736	0.0013817029665693912	0.0009062490454861076	0.0016934068067931162	0.0015007873779209575	0.0001404897203601802	0.00017951773621539878	0.00025979162585800257	0.0003610119877993695	0.0003493457399921331	0.0002138102108054027	0.00035793755267258886	0.0004664633317958981	0.0009256395846123062	0.00020026506937468734	0.00025891578951183473	9.760628154077027e-05	0.00010344761111351834	0.0003940508211905953	0.00023575273741332635	0.00027635638280292213	0.0004791193460088008	0.0009595757696198366	0.0003281306192951605	0.00023226550595297632	0.00031474568306021625	0.00039255701383897475	0.00036916299137568795	0.0009484788266782071	0.0004965155997680886	0.00024498159130593116	0.00031192796607222085	0.0007647219770285144	0.0003773969670566472	0.00043609328523854093	0.00039394956465646367	0.00021834961218609295	0.00039023853601768065	0.00048819329746528975	0.0007601038365655919	0.00047205886958479255	0.0007054068414133083	0.000759466584268037	0.0002915458669234618	0.00026062403718443976	0.00021175082619309638	0.0010578312023143584	0.000176268221039334	0.00034899976843535046	0.000351088206032516	0.0003572992865719806	0.0003034467180990495	0.000270628796609054	0.0005593772241385768	0.0012206558916968166	0.0004769436370885443	0.0004582778363781892	0.0014522297394623366	0.0009095069332304504	0.0014475406782391194	0.0005888429532858023	0.0006344563679539768	0.001099998204970375	0.0007678847311914684	0.0013306328046123062	0.002027934444858222	0.0008407314003003411	0.000930603085674848	0.0014896338162226253	0.000568725141395719	0.0007077579109826172	0.000250303246376221	0.00038319061488008	0.0011300872953569003	0.0005142964504397479
120B	143632	0.00013075284741654203	0.0	0.00029133879703338583	0.0004706693032969837	0.00020946497838844621	0.0003266912565083571	0.0006653988633197481	0.00047204217275302016	0.0004510781384470192	0.00013956531983553563	0.0001611595742420747	0.0002062168007291418	0.00043717309810417497	0.0005342568570820526	0.001728328409894914	0.0014906862633819813	0.001008149039917943	0.0017749440550516825	0.0015823246261795238	0.00023310391573643633	0.0002611837558907142	0.000329958999949965	0.00045117012569798856	0.0004019773387471833	0.0001720119621546056	0.000448115085215239	0.0005393762337355891	0.0010158519830411102	0.00027977720204927937	0.0003425034373560472	0.0001342930682136314	0.00019514764593784098	0.0004723790210563433	0.00023102001252110567	0.00036813233550002416	0.0005589323632617382	0.0010325776724907966	0.00036507532000400287	0.0001938278065006835	0.0003723488191333934	0.00048065798938342496	0.0004217982601812135	0.0010403065542931372	0.0005507247329233874	0.00029625759754900097	0.0003913341056627584	0.0008565249341888268	0.000451180957793348	0.0004156359382413719	0.00040570906561624646	0.00018143206735184947	0.0003991006676273392	0.0005297144508396014	0.000851908372115099	0.0005230844683616162	0.0007750697277808274	0.0007696324917342137	0.0003189076719970654	0.00034765128935671625	0.0002466336798520375	0.0011001883750276094	0.00018829357682522956	0.00041097699507655356	0.00029926935036525575	0.0004059595014222532	0.0003952911431269832	0.00032089721997826163	0.00060013553562446	0.00127758969368608	0.0005621979966037217	0.00043128051125931335	0.0015048691530328978	0.0010041464526502762	0.0015001747232539903	0.0006338029883118183	0.0006789783386154579	0.001154226869338353	0.0008594326915249817	0.0014002229275048292	0.0020821806443210244	0.0009079415940562214	0.0009832426989125898	0.0015438624805906036	0.000651521669647479	0.0007862097981756526	0.0002900169225557892	0.0004747717317625609	0.0011843177309901367	0.0005355641346423128
120C	143633	0.00024426822948224675	0.00029133879703338583	0.0	0.0003204780691624617	0.00027606385810486283	0.0002531014594856912	0.0004524689139083449	0.00027688333718381593	0.0002056224417302899	0.0002486603261299883	0.0002959677112165497	0.00019993703626556623	0.00047446007469507923	0.0003610651923912515	0.0016081749676011233	0.00141949258731363	0.0009152886737065726	0.0015231341356778392	0.0013478957966659394	0.00017292078613648714	0.0002176085359188142	0.00018570091620886552	0.000274164012740398	0.00024765750850100295	0.00021000771712288338	0.00032983583355270863	0.00032508687037748714	0.0008769313879393417	0.00030702300238929863	0.00020961466760246208	0.0002808845908580698	0.00032981663396037625	0.00028722543250633804	0.0002629973879899049	0.0002071468620036927	0.0003054494641557643	0.0009501984788498494	0.0002679404498335595	0.0003043987273549894	0.00027059291525203806	0.00029551029110466264	0.0002055000330567796	0.0007829652320392235	0.0003605451519309264	0.00034343484827605546	0.00018175056591955178	0.0007191507380598452	0.0004456822547928756	0.0005491333322293378	0.0005722034243346008	0.0003769032680581866	0.0002170776627832508	0.0003885216569141485	0.0006056233958334637	0.0003095297495055904	0.0005577358658695215	0.0008857222900455884	0.00020520589204518097	0.00015455993851310758	0.0003070340662888909	0.0008905398464842929	0.00033906835697418484	0.0003039874580906723	0.0005191303798158282	0.00021277937192587862	0.00021068447536620304	0.00022212116048980537	0.0003889115831780841	0.001227861139180492	0.00039938936567051274	0.0006265431208434128	0.0013909088981537304	0.000888536805283927	0.001277128290533176	0.0005634673579984245	0.0006054582755238724	0.0009327454955111595	0.0007251921926481595	0.0013242024250547616	0.0019415197277612545	0.0008788919046368251	0.000760194407757335	0.0013223811067634098	0.0004824856626258912	0.0006736819999508045	0.0002881501588921321	0.00034849028630810956	0.0010243744022837178	0.0005948026631024706
1212A	143634	0.00041914015536192664	0.0004706693032969837	0.0003204780691624617	0.0	0.000417855203737156	0.0003532227573864485	0.00022699997581399187	0.0003429705954937553	0.00037140500092353306	0.0004745854959590639	0.00045336344227734883	0.0003571561638587159	0.0004963011572494931	0.00036316535935008114	0.0017782448398787499	0.0015127035841092937	0.0010035940527440277	0.0014775165391423138	0.0014854981457041437	0.0003237459028356634	0.00039675705202080815	0.00029589358722366757	0.00035353484943831024	0.0003511389969787916	0.0003637627647925045	0.0004078479947779112	0.0002975601708676127	0.0006376202082979665	0.0004405969269333846	0.00037940951792717086	0.00044397408897557216	0.0004684840627198247	0.0003789843546221289	0.00043408276036414553	0.000328586206382553	0.0003354943269107644	0.0007853533766780233	0.0003101944926799719	0.0005167633105331636	0.00040387088705551874	0.00022754369910693903	0.0002670220522044457	0.0007169380612483857	0.0003247329586255226	0.0004286325432059291	0.0002582137427368626	0.0004971516851747343	0.00037505987832217537	0.0005680980370598791	0.0007583835413272172	0.000485469336945009	0.00034905787480766555	0.00039044004256615604	0.00041349864581405836	0.00021576494667790479	0.0006234247331575415	0.001069751633929038	0.0003394906702196777	0.0002553263514568804	0.0004773387880801244	0.0006870817344337735	0.0005464518248586808	0.0003345516977983327	0.0007290305361159293	0.00028347535235094035	0.00019104613597886375	0.00024009783560424152	0.00031989564284713886	0.0013210866377555647	0.00039764221899887716	0.0006186059742876881	0.0013282740398959589	0.001083260313606099	0.0011801011437113692	0.0005861769655239341	0.0006863969615232366	0.0007220708521928037	0.0004889160165881176	0.0012274569018412508	0.001833614505705656	0.0007706699642507136	0.0005196264635067432	0.001111706463445054	0.00041389275870738377	0.0005742303766206482	0.00028290784661995675	0.00024282494214685876	0.0009916033317301412	0.0006693931803226906
1212B	143635	0.00011129136408270603	0.00020946497838844621	0.00027606385810486283	0.000417855203737156	0.0	0.0002200207104462675	0.0005726162095957572	0.0003866793256340475	0.00035688116337960854	0.00011711980469123316	0.00010161624940690058	0.00023476893722262777	0.0003626916086265583	0.000490330300789516	0.0016960724939122662	0.0013656441878257012	0.000899580122238645	0.001702708769410169	0.001512518569852544	0.00014915087888428297	0.00012588916163337448	0.000264599904256155	0.00037545796032852356	0.0003494968194758311	0.0002168892012236981	0.00033354968205698515	0.0004542578361693314	0.0009128627290842378	0.0001708654622709215	0.0003137223913216036	0.00010215435757195811	8.803988225935577e-05	0.0003988074308768411	0.00024944953709377695	0.00021700829732074526	0.00043191556556274285	0.0008737371380753848	0.0003026083585132806	0.00021237262766969436	0.00033603643463918625	0.0003843903858114867	0.00033636117075281475	0.0008916221076746045	0.0004989758300479244	0.00017002006286355892	0.0003152323376325795	0.0007654657311572935	0.0002955382657494495	0.00048494714990994633	0.0004036555922053233	0.00023400852340870463	0.0004290164411481531	0.0005349950445167099	0.0007559422410036737	0.0004541723274922632	0.00068749909511707	0.0008252085503834213	0.00027903059985301426	0.00026084815457274343	0.00018639493034641996	0.0011006539864226099	0.00026360958996397876	0.00032034212121922784	0.0003773379727483947	0.00031962497057727416	0.00030882529656910677	0.0002996492545177306	0.0005581179929540615	0.001288001774868866	0.000476500730159206	0.00043693613589462966	0.00142552884655884	0.000926785090890415	0.0014115601157915576	0.0005467761691482195	0.0006662455882688429	0.0010851878355852037	0.0006959673644278251	0.0013286405923832176	0.002013218033217951	0.0008568837009264835	0.0008701252010633185	0.0014748234468374543	0.0005539096393436341	0.0006891595978230973	0.0003249376064054525	0.00031607574037606403	0.0011152717933048154	0.0005648001185060069
121C	143639	0.00025183701499087945	0.0003266912565083571	0.0002531014594856912	0.0003532227573864485	0.0002200207104462675	0.0	0.0004940457979687814	0.0002523010525972973	0.00018199426851349856	0.00023289315928184018	0.0002481453798454978	0.00033325418846257807	0.00045723570990110975	0.0003223107455175837	0.0015768374198623278	0.0012836972346657398	0.0007719194664469554	0.0015211139515373554	0.0013285552883313472	0.0002009787205218357	0.000198480619556792	0.00016244495078870594	0.0002447697679268524	0.000260914606462393	0.0003082953290850089	0.00024226138661260398	0.0003006815652705763	0.0007921066646726805	0.0002799462087075336	0.0003157396474997643	0.00025283181339228947	0.0002752161535021011	0.00030296577615588846	0.0003083361705055124	0.0001363376055629054	0.000293629749128717	0.0007666851390959973	0.0001917652451268499	0.00031259384165002843	0.00024082130846020476	0.0002793307993596158	0.00024334679842519399	0.0007661551624474685	0.00038106303873521757	0.00027969732744888726	0.00022622255176105648	0.0006516328842224555	0.00037648162694616763	0.0005871974956573945	0.0005214839165599358	0.0003530383160242737	0.0002832474055171881	0.00040438168157894757	0.0006470129732029936	0.00037136448756862914	0.0005361792112667601	0.0008715856623140759	0.00014135335076416916	0.00016453798585151091	0.00030830939946668943	0.0009398573269825919	0.00034787233991394843	0.0002075965884946258	0.0005290800873540316	0.000203924543246222	0.00020838943063388	0.00033039156194345854	0.00039741179203821016	0.00115409600032934	0.0003961869056307402	0.0005747815379163247	0.0013199708496513998	0.0009125009559844351	0.0012279582330917047	0.00038128417679332907	0.0005303316479754725	0.0009244329671641515	0.0005526042648881016	0.0012532044101738922	0.0018525334200700625	0.0007875796858374302	0.0007109465883156702	0.0013140685784164018	0.0003931751617261938	0.0005673189628492561	0.00042044545337636865	0.00035121771956147466	0.0009943111704223554	0.0004538941801303563
1222A	143643	0.000573616270189152	0.0006653988633197481	0.0004524689139083449	0.00022699997581399187	0.0005726162095957572	0.0004940457979687814	0.0	0.00034752658403344446	0.0003880102007632021	0.0006646825933939063	0.0006484821571331421	0.0005500176139983548	0.0006623362273241202	0.0003336426473721421	0.001678127636940305	0.0014581927655042599	0.0009175280583136061	0.001344028036500279	0.0014194729182144521	0.0005080412263959766	0.0005452672070188971	0.00041269239359821943	0.00030549017549841913	0.0003052696562781525	0.0005771474164159539	0.0003643520875351382	0.00022276342120297377	0.0005492934972197015	0.0006275239374373509	0.00046694853298510117	0.0006366047922592825	0.0006464098654992995	0.00044906768283292837	0.0006560281226617763	0.0004523187902036099	0.0003658851302370057	0.0008096174907969579	0.0004398866863477307	0.0007045758662703446	0.0003986302485283253	0.0002505339838202922	0.0004049497335242175	0.0006238039923754252	0.00034309937259965906	0.0006100208147554985	0.0003122152264958974	0.00042675126514374356	0.0005787872258555134	0.0007149756677306385	0.0009509656041224734	0.0007116506338400729	0.0003645410804744099	0.0003683224248349009	0.0002709719677159991	0.0003055030648012408	0.0006665581593656193	0.0012723537786078162	0.00044085469454350243	0.0003912815449769862	0.0006310367509900707	0.0006009094149909912	0.0006973214338002804	0.0004741163483862929	0.000891495736050768	0.0003483692628664253	0.00032416762125349357	0.000407944969491777	0.0003144906035799571	0.0013058113020763132	0.0003678405641196473	0.0008176550157370032	0.001283377570190662	0.0012017072235140807	0.0011619647642994429	0.0007302317422565669	0.0007966790455282603	0.0006343666536460404	0.00047198179253490186	0.0011831342580443122	0.0018248469651502147	0.0007696072235919394	0.00046496215768729304	0.001024002264898291	0.0004216928723496051	0.0007621112766480997	0.00041028726624110654	0.0003914653479676703	0.0009134692822516984	0.0007803054458247533
1222B	143644	0.0003914138274937469	0.00047204217275302016	0.00027688333718381593	0.0003429705954937553	0.0003866793256340475	0.0002523010525972973	0.00034752658403344446	0.0	0.0002250681958779389	0.000403358727843922	0.00042258944784392174	0.00043018873654827405	0.0006601288793049106	0.00018028225919959978	0.0015158393661611922	0.0012858501321991664	0.0007839860508792193	0.0013865162413303847	0.00126350668469167	0.0003167117347073536	0.00031651074080256	0.00016983796692230638	0.00018058794305729476	0.00022349783039442284	0.00038071166475237646	0.00019801810105590402	0.00022968390052026012	0.0006496879161780889	0.00045419159707853923	0.0003882093783885561	0.0004114878237318659	0.00044449308008224944	0.0003600935046923462	0.00044997403899084594	0.00022166843787443737	0.0002429953031202655	0.0007336141817227908	0.00024279523366775048	0.00046870996770385193	0.00020101761246722516	0.00022227783298961882	0.000320537884122061	0.0006388625234512306	0.0004368548045367824	0.0004010608789298372	0.00020344275032630483	0.0005099859383891946	0.0005698360231003585	0.0007039253290913619	0.0007411719266228902	0.0005322070547273636	0.00023547036725439578	0.00029755338961742544	0.0004524303749747966	0.00039945188993496735	0.0005244584692556162	0.0010378963461318627	0.00021177855806903446	0.0002131091559928855	0.00045983755645822905	0.0007520283292780563	0.00048177037736422864	0.0002746699833658859	0.0006524436164443606	0.0002479626197359734	0.0002881233504752377	0.00030591432034743566	0.0003247588611130866	0.0011050780436898057	0.000433309043791896	0.0007792045771085544	0.001293343489400379	0.0010618587679850793	0.0011411357959579787	0.0004954204858353333	0.000595296888154077	0.0008059866338848321	0.0005650439452902253	0.0012262165714757379	0.001774466415189844	0.0007099285144216511	0.0006003870345893052	0.0011956222451370826	0.00042091187084817075	0.0006787509604570743	0.0004897633547657046	0.00042734029730808485	0.0009595352115961701	0.000563010655905183
1222C	143645	0.00038172288870435243	0.0004510781384470192	0.0002056224417302899	0.00037140500092353306	0.00035688116337960854	0.00018199426851349856	0.0003880102007632021	0.0002250681958779389	0.0	0.0003974230203501753	0.00041431171187593797	0.00035953416542271145	0.0005784480879228384	0.0002486720002501249	0.0015175530754779703	0.001391141182322316	0.0008758226215808474	0.0014395174784074313	0.0012816053264449192	0.0002888382472036019	0.000334448653319463	0.00017618632963037518	0.0002463836786499483	0.00018105785770765537	0.00037400727487743915	0.00028538502983491154	0.00018209122932466232	0.0008296989251025512	0.0004602220459629817	0.0003136049902374098	0.0004221549875737871	0.0004089179711745698	0.000312649975527764	0.0003526440694488082	0.00020658179043367238	0.000183923050620188	0.0008548722835367947	0.00022321521306697695	0.0004849599021510757	0.00026212397289756347	0.00022821726318293447	0.0002277303924562282	0.0006852274803084301	0.0003173993787315394	0.0003896326115569235	0.00014583647670967466	0.000676632144792396	0.0005339179385106575	0.0006886080856449601	0.0007034176757768068	0.0005349809014507255	0.000188305638471391	0.0003907964543886222	0.0005409190193657304	0.00032086410594297154	0.0004653530817508192	0.0009684401594599021	0.00020631947876938482	0.0002066377354091256	0.0003912731651825915	0.0008599022821564561	0.00047149752027271134	0.0002639260363887469	0.0006390649360966197	0.00013145656584602334	0.0002605001964182094	0.0003376222815304242	0.00035361542741014254	0.0011845355354810111	0.00033525296259129554	0.000732213166783392	0.0012842492337563562	0.0009292295881528855	0.0011724360131665828	0.00045097793351316225	0.0005982154293446725	0.0008199566498528159	0.0006279157567203135	0.0012174187125062528	0.001850939306502447	0.0008448263376241914	0.0006426849866853529	0.0012095922611050666	0.0003918861915563623	0.0007120130405893995	0.0004541100717205957	0.0004396069424915271	0.0009223128109555456	0.0005220362484364364
1226A	143646	0.00011951370101050518	0.00013956531983553563	0.0002486603261299883	0.0004745854959590639	0.00011711980469123316	0.00023289315928184018	0.0006646825933939063	0.000403358727843922	0.0003974230203501753	0.0	0.00010264079173586766	0.00017624312078039033	0.00038705056911585915	0.0004992833763581791	0.0016851645286382814	0.0014046435313308935	0.0009268926359213252	0.0017203483448621506	0.0015277289159899919	0.0001772161977388695	0.0001668795725414569	0.0002984576310928886	0.00039816880086719235	0.0003959229267880861	0.00014255964250125077	0.00038889429497154153	0.0004892554535967986	0.0009629301825312657	0.00018318752668334165	0.0003023307860245088	6.145010647323658e-05	0.0001250258313822983	0.00041475726809404704	0.00017361230864893835	0.0002615490658743298	0.00045949090040733464	0.0009289515915107819	0.00033044673765389156	0.00016025871991995986	0.0003614275409688343	0.00043562497230011045	0.00037325283981991004	0.0009494643217835863	0.0005461619033265852	0.0001978598711390864	0.00036008922117183184	0.0008224564020810405	0.0003809215936408859	0.00044945433862523436	0.00033939984514799417	0.00017323940320160063	0.0004009982623891562	0.0005697008345162005	0.000817836880527573	0.0005013445448424214	0.0007037636724447936	0.000756856979353267	0.00027170025853926974	0.00027423217254997725	0.0002172199143771887	0.0011051864903984005	0.00019683874390727602	0.0003403376968914909	0.00032188985872007856	0.0003652284083766525	0.00034066209610805395	0.00032295244304345765	0.000562652080964627	0.0012640338948321495	0.0005077315786393198	0.0004141994492246124	0.0014347621528762043	0.0009196106773531783	0.0014232313068934465	0.000564238582016319	0.0006714172589594796	0.0011307875276116955	0.00074672609777476	0.0013680540990195097	0.0020587585944332578	0.0008724696457721358	0.0009062966528384298	0.0015204231388639459	0.0005995130829464945	0.0006919500717728161	0.00031906517601546907	0.0003762167450127934	0.0011608752369076756	0.0005482940295875603
1226B	143647	0.00013684263671835884	0.0001611595742420747	0.0002959677112165497	0.00045336344227734883	0.00010161624940690058	0.0002481453798454978	0.0006484821571331421	0.00042258944784392174	0.00041431171187593797	0.00010264079173586766	0.0	0.00025614524848424197	0.00035274569952106153	0.0005120129196298146	0.0017303246120117534	0.0013744207569837195	0.0009280592956584326	0.0017311909147871127	0.0015385784366287495	0.00017829976252126042	0.00016797645543773475	0.00032166627577062803	0.0004153083853596205	0.00040901156967157443	0.00019708893852926423	0.0004060929018029521	0.0005028287396198098	0.0009800650349374685	0.0001376122062631313	0.0003505485903183581	5.938671873936944e-05	0.00013484192649692152	0.0004319143516758377	0.00026347685229762116	0.0002913623439786278	0.0004795030443830076	0.0009072397217759142	0.00035119279660381455	0.00014269362793396714	0.00037623730782101225	0.00045278003447603505	0.00038788748244122044	0.0009603068917085487	0.0005592647701199817	0.00015308810050859687	0.00038326984942750234	0.0008396128937668832	0.00032428311268426765	0.00047231744950763395	0.000348737652062596	0.0001690641208604303	0.00044869000817375845	0.0005454706871959683	0.0008349939641093635	0.0005144152259629815	0.0007204266339333864	0.0008036657701016339	0.0003274367358579288	0.00029141199135651055	0.00019285273312656312	0.0011182614787325672	0.00022923784178689987	0.0003720424294606512	0.00031354600501349575	0.0003755354357707554	0.0003578191796898446	0.0003358854647120548	0.0005772885962422095	0.0013050874630914976	0.0005362504479139567	0.0003959848031415712	0.0014884263500748035	0.0009714374780217889	0.0014425843868334162	0.0005816243796179776	0.0006845837404602297	0.0011375474103930859	0.0007699909404106622	0.0013844258800500247	0.0020655737215568193	0.0009277001203403609	0.0009256501273756983	0.0015271830216453364	0.0006062735576238329	0.0007017938396474635	0.00032870486466649295	0.0003869597666833383	0.0011676357115850142	0.0006017487299575728
1226C	143648	0.00021405485746873407	0.0002062168007291418	0.00019993703626556623	0.0003571561638587159	0.00023476893722262777	0.00033325418846257807	0.0005500176139983548	0.00043018873654827405	0.00035953416542271145	0.00017624312078039033	0.00025614524848424197	0.0	0.0003896049958692357	0.000459415548624312	0.0016445859049533202	0.001480321743631178	0.0010049142539437156	0.0016514491859827107	0.0014794847898975463	0.00018011017624812396	0.000322569949922252	0.0003460860324453769	0.0003239064500357473	0.0002851389262136591	0.00010649348910455258	0.00037156565614709306	0.000452811355647824	0.0009453477075537767	0.00028503636636318145	0.0002236407721424476	0.00021888231191595806	0.00024168782488518924	0.0003427022812006002	0.00011439296996531667	0.0002772496551587438	0.00045551322709163695	0.0009598402679490009	0.00029549856315745274	0.00028650961902951477	0.0003946945026903673	0.0003911427569236067	0.00025499925624812396	0.0008473623936373519	0.0003955265242570503	0.00034956489571564024	0.0003238074188244623	0.0007961813852726361	0.00041183291543898714	0.000406927798724017	0.0004758885147833122	0.00022616428574287147	0.0003437727722159738	0.0004585802218098473	0.0007031130404362659	0.00035069257313656837	0.0006968214388029595	0.000780236079673276	0.00029778786702351173	0.0002639793737015634	0.00031928821378689334	0.0009940503796830426	0.0002820961344928992	0.00040276244617923774	0.00047415993113080027	0.0002786941390929528	0.0002899201590195096	0.0002834679260617633	0.0004688187470175973	0.001196850797544188	0.00039442235168584295	0.0004353244762981493	0.0013119349639702767	0.0008857237714148747	0.0013285789384092043	0.0006644986089634238	0.0006726798672236115	0.0009864561524641218	0.0007693048902234921	0.0012344853625712855	0.0019745929186085003	0.0007782044998030243	0.0007902977516878543	0.0013760917637163721	0.0005442969137028026	0.0007580862682495418	0.00020736025314982117	0.00036411675725932875	0.0010165420860722579	0.0005741706386864585
1255A	143649	0.00039297867254699855	0.00043717309810417497	0.00047446007469507923	0.0004963011572494931	0.0003626916086265583	0.00045723570990110975	0.0006623362273241202	0.0006601288793049106	0.0005784480879228384	0.00038705056911585915	0.00035274569952106153	0.0003896049958692357	0.0	0.0007019624081793477	0.0019354276905425903	0.0013041004113721584	0.001019657150511046	0.0018445762660716234	0.001654340798163757	0.00043486043382854364	0.00041369910114746455	0.0005269974868954688	0.0005271418088416194	0.0005390913403249878	0.00043256028125192737	0.00048146772469004817	0.0006606622467786556	0.0009991166275631447	0.00032749645476346607	0.0005586172073030532	0.0003914308878952489	0.0004141185373738067	0.0006197658081134555	0.00047118812446992004	0.0004746100848227869	0.0007044379270746868	0.0006788802027760468	0.00054916609726523	0.0003393450399112568	0.0006041534899684079	0.0006242433387409583	0.0005212557178743233	0.0008820587787930931	0.0003405514673334667	0.0003672493252339699	0.0005617750296855251	0.0007220495882434847	0.00029302002265308385	0.00045346496523017047	0.0006544664003285988	0.0003728285822265192	0.0005993056451370261	0.0005743099024472857	0.0007095516813108477	0.00040284153253575906	0.0009315974665733687	0.001002828583389906	0.0005602681314473712	0.0005254471194094432	0.0004065770434372269	0.0010339488158892644	0.0004119340447407194	0.0005978271590359671	0.000645564732608328	0.0005133168628152984	0.0003753010824569806	0.0004805835865797632	0.0006173112152962906	0.001460424913619992	0.00037495334587532916	0.0003081049016265874	0.0014062964392464413	0.001213129853586058	0.0014485731075118405	0.000769535308251088	0.0008601152573962665	0.000902975868923785	0.000691994956834921	0.001339567628321169	0.0018310880338196357	0.0008614320847648583	0.0008154262127925587	0.0012926114801760354	0.0004773758138727748	0.0007614220065570717	0.0003967184470843424	0.0003121446665366266	0.0009546409449415391	0.000819903775909712
1255B	143650	0.0005134799625512756	0.0005342568570820526	0.0003610651923912515	0.00036316535935008114	0.000490330300789516	0.0003223107455175837	0.0003336426473721421	0.00018028225919959978	0.0002486720002501249	0.0004992833763581791	0.0005120129196298146	0.000459415548624312	0.0007019624081793477	0.0	0.001482639303291543	0.0013711665461429083	0.0007885028722775468	0.0013083191089867687	0.0012387193718876503	0.0004009210038119058	0.00043554921123979543	0.0003200703138643543	0.0002348233312593342	0.0002338743645553788	0.000462080290975488	0.0003315131907418935	0.00017795726949474736	0.0006960016332266132	0.0005691797935867935	0.00043903165150187344	0.0005215098048524262	0.0005432201205597084	0.0003852575983691846	0.0004611677081301495	0.00037802868831979204	0.00025206579716956104	0.0007603722142521124	0.0003065160288278192	0.0005947574115757878	0.0003748627201020563	0.0002493558938240684	0.00033232566860430215	0.0006642400836435722	0.0004440660355299385	0.00047963561866203107	0.0002476088931106647	0.0005888895516258129	0.0006305929969305315	0.0008240900218455776	0.0008024594423499933	0.000600069752986493	0.0002449738132104759	0.0003238128844089736	0.00046107360778994283	0.0004176606929064531	0.0004709860692678517	0.0010657684542832396	0.0003185725015507753	0.0002798701356202996	0.0005688428147773886	0.0007093532109738502	0.0005944991586609045	0.0003459806489054775	0.0007636960358789282	0.0002313557601030977	0.00039859356297148576	0.00034830927705655444	0.0003200304251739306	0.001061961127620059	0.0004478948012006002	0.0008289132343271636	0.0012594162236209585	0.0010688790042583964	0.0011071862586793395	0.0005117465439934419	0.000683776716618309	0.0007207372936046921	0.0006145357489020312	0.0011924069309454726	0.00180546113894172	0.0007945642318194888	0.0005214316293566889	0.0011103729048569425	0.0004897894023321062	0.0007311822605677097	0.0005109931125798091	0.00047682984360276676	0.0009194160953680562	0.000590859181738448
1262A	143655	0.0016394222180258736	0.001728328409894914	0.0016081749676011233	0.0017782448398787499	0.0016960724939122662	0.0015768374198623278	0.001678127636940305	0.0015158393661611922	0.0015175530754779703	0.0016851645286382814	0.0017303246120117534	0.0016445859049533202	0.0019354276905425903	0.001482639303291543	0.0	0.0008344623434875404	0.0011315736085308243	0.0009209929085245262	0.000788816700906998	0.0015735221823231504	0.0017262233116264883	0.001619747019773254	0.0014684046030285563	0.0014475708962442021	0.0016838836887652267	0.0015530722460150633	0.0015098948082814757	0.0019143677069744791	0.0018070443635025953	0.0014812561375745137	0.0017040755928103674	0.001721696437917781	0.0014703935935095603	0.001669413567691941	0.0015968837718080952	0.0015149129515083654	0.0018933880344474872	0.0015950759472531547	0.0018191905840728802	0.00154678245170786	0.0016505603408979437	0.0015327268786982473	0.0013338832299492885	0.001648224277342993	0.001817055799689752	0.0015444524438101874	0.0017567215291113283	0.0018951810036886125	0.001968311137186437	0.0015966480681558154	0.001787085841061743	0.0014984561911306718	0.0015455997531647714	0.0016112830105357297	0.001698696285411604	0.0011729697293635928	0.0010864611562372655	0.0015880772644737812	0.00157700074804771	0.0018398343871675461	0.0018865354900016972	0.0016918653347854453	0.0017014421378002604	0.0019366395165390927	0.0015369413752594594	0.001614966409467415	0.0017434505809634225	0.0014856731317844632	0.0011638310845453507	0.0016055567855478591	0.002015804623404127	0.0007580358694375066	0.0009528130746697356	0.0006782331818060461	0.0015991620650161488	0.0012762014912896071	0.0017304392148823262	0.0019049492919525869	0.0011872905918639915	0.001258119287372813	0.001500424169605264	0.001542051330560402	0.002206904413904424	0.001533071539112232	0.0013796185006592749	0.0017292789932328062	0.0018428600297354693	0.0017247002977899707	0.0012987710551394765
1262B	143656	0.0013817029665693912	0.0014906862633819813	0.00141949258731363	0.0015127035841092937	0.0013656441878257012	0.0012836972346657398	0.0014581927655042599	0.0012858501321991664	0.001391141182322316	0.0014046435313308935	0.0013744207569837195	0.001480321743631178	0.0013041004113721584	0.0013711665461429083	0.0008344623434875404	0.0	0.0007609537331425111	0.0009027336680238848	0.0008098164239356711	0.0013833247231433165	0.0013573437313912935	0.0013443248930048684	0.0011919137168977518	0.0013090735660665326	0.0015058869470475317	0.0012871234476790035	0.0013977134905679383	0.0015317081942669512	0.0013489734803260314	0.0014792495005417961	0.001411473107258857	0.001430745829709906	0.0014289163496533103	0.0015477625432984464	0.0013118461759724087	0.001488298181116406	0.00135962740921293	0.0013863396209174007	0.0013592940392376822	0.0012748381980614014	0.0014419176671949642	0.0014378611033944826	0.0012970727848949134	0.0013909526595021807	0.0014171466582094442	0.00140374110397796	0.001365607801076744	0.0013846831795583255	0.0017128976548190992	0.0013058512054013901	0.0014343518300288416	0.001386126937188351	0.001223955360475035	0.0013794516281754972	0.0015230653229077215	0.0010718327078185878	0.0009194832388244059	0.0013230491971031899	0.0013778611704300852	0.0014465354055686525	0.001591086044683913	0.001343470385094741	0.0014658873653855347	0.0016598623081733352	0.0014073905761273473	0.0013216915240297908	0.0015065836253149614	0.001451962030346787	0.000993767021661663	0.0013448548181694835	0.0016017513962592838	0.0009717875019225988	0.0008625093595515387	0.0007337749882895539	0.0012633359702849526	0.0009902443504702248	0.0016051013484722331	0.0016267178919035412	0.0013375413579384328	0.0010796051099788704	0.001249924278838505	0.0015176989996292384	0.001994594674991358	0.001265282557131126	0.0010375215675401351	0.0015286566532857287	0.001510996458495186	0.0016531836078281618	0.0011366870723050746
1264A	143661	0.0009062490454861076	0.001008149039917943	0.0009152886737065726	0.0010035940527440277	0.000899580122238645	0.0007719194664469554	0.0009175280583136061	0.0007839860508792193	0.0008758226215808474	0.0009268926359213252	0.0009280592956584326	0.0010049142539437156	0.001019657150511046	0.0007885028722775468	0.0011315736085308243	0.0007609537331425111	0.0	0.001008720728384113	0.0008407089244743359	0.0008999238814974926	0.0008710619497177917	0.0008432517785249676	0.0006815226006004206	0.0008336292966673371	0.0010304512563515406	0.0008073951959670571	0.0008823773209479443	0.0010106382732306832	0.0009292068436324198	0.001003872481926058	0.0009337047162614954	0.0009725790696370841	0.0008880562795295378	0.0010691366694524404	0.000832995845291404	0.0009855338434244848	0.0010467605380867137	0.0009086986871710198	0.0009863356369290682	0.0007846119596817775	0.0008780362687808924	0.0009368216971997056	0.0009238953063864967	0.0009579456184832275	0.000968252001245704	0.0009026463578337387	0.0008960994463416679	0.0009986762225545186	0.001229495556621957	0.0008847714941577427	0.0009681752896921752	0.0008866470225457821	0.0007716968158667933	0.0008811496036128872	0.0010139715746553144	0.0006205584590581008	0.000868554886380466	0.0008430537861889247	0.0008346863192286313	0.0009878902215427077	0.0011823239841188952	0.0009729063280517047	0.000906803885289703	0.0011875790101571102	0.0009063279746151329	0.0008126638570997678	0.0010054998591306982	0.0009192260323707238	0.0005710793684700825	0.0009275727250544867	0.0011970834704200636	0.0011076758177069929	0.0009574488244673071	0.0008763984143610038	0.0007208395030621433	0.0006389089629864241	0.0011875306049144363	0.0011033791488106604	0.0010207434027546276	0.001403856982387671	0.0009410073238280751	0.001033914008277857	0.0015770732439949863	0.0007435631419456651	0.0007394163049712803	0.0009832501852096468	0.0009939691736566769	0.001261182205054282	0.0007307965888787803
1264B	143662	0.0016934068067931162	0.0017749440550516825	0.0015231341356778392	0.0014775165391423138	0.001702708769410169	0.0015211139515373554	0.001344028036500279	0.0013865162413303847	0.0014395174784074313	0.0017203483448621506	0.0017311909147871127	0.0016514491859827107	0.0018445762660716234	0.0013083191089867687	0.0009209929085245262	0.0009027336680238848	0.001008720728384113	0.0	0.0005218213066744379	0.0015891534877535962	0.001656217761857749	0.0015117513973212711	0.0013809211377913532	0.001424366379694947	0.0016991330578371466	0.0015149294832809785	0.0012665630232023847	0.0013211068455337295	0.0017323366211202797	0.0015749301058796187	0.00173507510238091	0.0017757083886496224	0.001470889395699855	0.001723468583661397	0.0015488203136984854	0.0013713148148282717	0.0016730160989366597	0.0015694129811856486	0.00178945191362504	0.0015085700747911723	0.0014202990983125502	0.001494790897289222	0.0013497490775176894	0.0015504951723306786	0.001692741775920596	0.001411296005221656	0.001333331732235052	0.0018157470171033853	0.0019657742640796973	0.001637361578974415	0.001785279881008003	0.0013956127226300134	0.0014333974761814349	0.0012638536654201603	0.001557357238446088	0.0010236161228768632	0.0012740570347755424	0.0015109864845484148	0.0015174494569226767	0.0017879846250022204	0.0012695227485591991	0.0017380134910477542	0.0015932040238925659	0.0019907152386401945	0.0014432070115225416	0.001505563977420967	0.0015316832627854714	0.0014644221339015701	0.0011657591284512962	0.0015638533976279458	0.002014070723473993	0.0010931363784330553	0.0010392546753212194	0.0007872480767199506	0.001455765176068714	0.0012435807101147773	0.0012175971583228444	0.0015827824716341395	0.0014085646658563995	0.000982045014107213	0.001550227556393996	0.0012922495342010613	0.001417802827089089	0.0013703335549371477	0.0012541631671080695	0.0017075125469578696	0.0015864263330484611	0.0016429873001969342	0.0013578232441864692
1264C	143663	0.0015007873779209575	0.0015823246261795238	0.0013478957966659394	0.0014854981457041437	0.001512518569852544	0.0013285552883313472	0.0014194729182144521	0.00126350668469167	0.0012816053264449192	0.0015277289159899919	0.0015385784366287495	0.0014794847898975463	0.001654340798163757	0.0012387193718876503	0.000788816700906998	0.0008098164239356711	0.0008407089244743359	0.0005218213066744379	0.0	0.0014037059397524736	0.0014751797682890694	0.001368651387927426	0.0012104929688888375	0.0012653832716122842	0.001510512019302239	0.001328659095489511	0.0012929783311372654	0.001367975222035968	0.0015572505555588151	0.0014431672672868788	0.0015424894151301626	0.001583088959777464	0.0013526346990648127	0.001530848779724286	0.0013698496569265785	0.0013660638550420648	0.0015013701178724758	0.0013768300995199191	0.0016024504106563542	0.0013184019297514415	0.0013985995586926752	0.0013712363406526333	0.0013281645020871342	0.0014091807259189577	0.0015651886954300737	0.001319670764984348	0.0013704125256148946	0.001638134646199183	0.0017881372133627305	0.0014447301973600133	0.0016088153571811878	0.001298830162252739	0.001243160623665855	0.0013205207940461688	0.001459754834552867	0.0009712260610119642	0.0011336523398159284	0.001352739731399929	0.0013259317817589874	0.0015954335874441572	0.0013435136829990134	0.0015327873492713526	0.0014795597284054784	0.0017980958097680358	0.0013232178750880715	0.0013296012932547505	0.0014836940352853034	0.0013649903725717373	0.0010743720541323651	0.001378602003878751	0.0018364134267492655	0.0008263000362912368	0.000947933296608626	0.0006270064103615722	0.0013472840127515115	0.0011165992545897924	0.001221522508993384	0.0015543370189254565	0.0012118680264906875	0.0010434516329980866	0.0014341954583284966	0.0012895997948995704	0.0015833816451038076	0.001235019442660494	0.0012242956422282246	0.001529875496240903	0.0015508477539855883	0.001427475476816974	0.001203915732951884
127A	143664	0.0001404897203601802	0.00023310391573643633	0.00017292078613648714	0.0003237459028356634	0.00014915087888428297	0.0002009787205218357	0.0005080412263959766	0.0003167117347073536	0.0002888382472036019	0.0001772161977388695	0.00017829976252126042	0.00018011017624812396	0.00043486043382854364	0.0004009210038119058	0.0015735221823231504	0.0013833247231433165	0.0008999238814974926	0.0015891534877535962	0.0014037059397524736	0.0	0.0002205593599384806	0.00023100182362734443	0.0002797308894974396	0.00028352012695490015	0.0001754093058129066	0.00028651424717060015	0.0003814160507753878	0.0008854021097148574	0.0002391191046323163	0.00019154864842519292	0.00016175708996498257	0.00019140344005966263	0.00030095090805402696	0.0002057300464869549	0.00018871719365336133	0.00036731036264561247	0.0009210271475287909	0.00025268712000551554	0.00028858961674837406	0.0002827078824291391	0.0003352113397133467	0.00026744161230615304	0.0008151232814413259	0.00042778077630307337	0.00027376085988767203	0.00026479192003929427	0.000744949508134067	0.00034912700633190014	0.00047371854963695594	0.00045163756118883034	0.00028675278847423705	0.000348648229604474	0.0004242851001024216	0.0006945259438879917	0.0003829260344672337	0.0006006885060084934	0.0007895344561779759	0.00021841434774387195	0.00018195465500869497	0.00029496342391195586	0.0009962550628868215	0.00028083122114347674	0.0003021935302628167	0.0004577072403396606	0.00026600602424381567	0.00021734937864932455	0.0002579055528001185	0.0004663010525303538	0.0011452567411105073	0.0003814242334067033	0.0005054218131065535	0.0013301288341568446	0.0008251462322628489	0.0013110706803401697	0.0005625901845493176	0.0005984436270235116	0.0009950105821789792	0.0006896685947357483	0.0012269246901350675	0.0019405280896140028	0.0007881898715288874	0.0007941294118579394	0.0013846461934312296	0.00048649654074813176	0.0006557296553476047	0.0002338667096435078	0.0003141372330936167	0.0010250961211898167	0.0005211523902860239
