C31-C17d-C31.1-C31a-C21-C31f-C21ac-C31l	179488	0.0	0.0051474003237120605	0.011402618915349437	0.00497487570377849	0.006023190147067767	0.0020506412984706117	0.003421718491001782	0.005658446080447822	0.0040214844030687725	0.0014608042595761698	0.003943628123780488	0.0013586707470211918	0.02107636328662645
C31/C17d-C21-C21ac-C17f-C31.9	179267	0.0051474003237120605	0.0	0.007635709700759848	0.0016222568347966358	0.0014706074524061712	0.003764804896093107	0.0020011655622715345	0.0008430920747952806	0.002522890744523613	0.006568098593084311	0.0026045242950633973	0.004381512599941567	0.01730927028604316
C15/C31-C17d	179750	0.011402618915349437	0.007635709700759848	0.0	0.008055127273636766	0.008369379648219875	0.010023188778973987	0.008977683131268406	0.008326825974638827	0.009854545665899219	0.012222451696476986	0.0095322501024446	0.010613216517248678	0.00967411407458545
C31/C17d-C21-C31k-C21ac-C17e	179274	0.00497487570377849	0.0016222568347966358	0.008055127273636766	0.0	0.0018364346681593296	0.002941645575679728	0.002361753583722522	0.0017446933746301482	0.0033878135828768496	0.005764200448700521	0.0029759502617652945	0.0036397454207716916	0.017728972057977906
C17d/C31-C21-C17e-C21ac-C17f	178571	0.006023190147067767	0.0014706074524061712	0.008369379648219875	0.0018364346681593296	0.0	0.003972680451239513	0.0034098497982305302	0.0008923525927260341	0.003942436887505007	0.0068125122930293835	0.004024100970548374	0.004688050667739497	0.016648032988594155
C31/C17d-C31.1-C21-C31a-C17e-C21ac-C31.10	179711	0.0020506412984706117	0.003764804896093107	0.010023188778973987	0.002941645575679728	0.003972680451239513	0.0	0.0020846982446228904	0.003607935529678129	0.002639155468852459	0.002839963444432227	0.0025610288976809273	0.0007401966931927224	0.019696942746412538
C31/C17d-C21-C31a-C21ac-C31.9	179186	0.003421718491001782	0.0020011655622715345	0.008977683131268406	0.002361753583722522	0.0034098497982305302	0.0020846982446228904	0.0	0.0027918212678978093	0.0014062704715985762	0.0048223573731289325	0.001585103288727016	0.0027261008225217304	0.018651618133980537
C17d/C31-C21-C21ac-C17e-C17f-C31.9	179282	0.005658446080447822	0.0008430920747952806	0.008326825974638827	0.0017446933746301482	0.0008923525927260341	0.003607935529678129	0.0027918212678978093	0.0	0.0030634461036685334	0.006447768226409437	0.0031671095437724914	0.004323306601119552	0.017342741910976706
C31/C17d/C21-C31.9-C31.5-C21ac-C31a-C17f	179284	0.0040214844030687725	0.002522890744523613	0.009854545665899219	0.0033878135828768496	0.003942436887505007	0.002639155468852459	0.0014062704715985762	0.0030634461036685334	0.0	0.005442189669642143	0.001986770486285485	0.003255904156307477	0.019528160488995503
C31-C17d-C31.1-C31a-C21-C17e-C31f-C31l	179483	0.0014608042595761698	0.006568098593084311	0.012222451696476986	0.005764200448700521	0.0068125122930293835	0.002839963444432227	0.0048223573731289325	0.006447768226409437	0.005442189669642143	0.0	0.005364329791793283	0.0021865899915433835	0.021896210461996298
C31/C17d-C21-C31.9-C21ac-C31i-C31h	179196	0.003943628123780488	0.0026045242950633973	0.0095322501024446	0.0029759502617652945	0.004024100970548374	0.0025610288976809273	0.001585103288727016	0.0031671095437724914	0.001986770486285485	0.005364329791793283	0.0	0.003177739800249899	0.01920613921582477
C31/C17d-C31.1-C21-C31a-C31f-C21ac-C17e	179487	0.0013586707470211918	0.004381512599941567	0.010613216517248678	0.0036397454207716916	0.004688050667739497	0.0007401966931927224	0.0027261008225217304	0.004323306601119552	0.003255904156307477	0.0021865899915433835	0.003177739800249899	0.0	0.020286979880928726
C3/C15	178820	0.02107636328662645	0.01730927028604316	0.00967411407458545	0.017728972057977906	0.016648032988594155	0.019696942746412538	0.018651618133980537	0.017342741910976706	0.019528160488995503	0.021896210461996298	0.01920613921582477	0.020286979880928726	0.0
