C31-C17d-C31.1-C31a-C21-C31f-C21ac-C31l	179488	0	0.3799017034403796	1.0	0.5567910802229944	0.3799048038078477	0.39714110006149783	0.18808247670093195	0.2778616641500755	0.4155633774649014	0.405120820771273	0.09866605335786569	0.3818116365927193	0.09136634534618615
C31/C17d-C21-C21ac-C17f-C31.9	179267	0.3799017034403796	0	1.0	0.4411711765764685	0.19344822931197408	0.11096667099987001	0.36077237296694614	0.15004124896877577	0.08787192448264311	0.257382278531644	0.4661186858459954	0.1815045548633541	0.36512222072227474
C3/C15	178820	1.0	1.0	0	0.6279537204627954	1.0	1.0	1.0	1.0	1.0	1.0	1.0	1.0	1.0
C15/C31-C17d	179750	0.5567910802229944	0.4411711765764685	0.6279537204627954	0	0.44350391240218995	0.4625307493850123	0.552011199720007	0.4615180772288416	0.4809529761755956	0.621577568448631	0.5496012599685007	0.48441031179376415	0.5473313167170821
C31/C17d-C21-C31k-C21ac-C17e	179274	0.3799048038078477	0.19344822931197408	1.0	0.44350391240218995	0	0.12972045978390756	0.27705891764329427	0.21253362399128026	0.16033358665653374	0.3904013359532416	0.3848646054157834	0.2515861944831931	0.2918783248670053
C17d/C31-C21-C17e-C21ac-C17f	178571	0.39714110006149783	0.11096667099987001	1.0	0.4625307493850123	0.12972045978390756	0	0.27479538216162436	0.24010899727506813	0.0679026234081807	0.3274601761947142	0.4037908673196438	0.2669119926402208	0.30875419360322387
C31/C17d-C31.1-C21-C31a-C17e-C21ac-C31.10	179711	0.18808247670093195	0.36077237296694614	1.0	0.552011199720007	0.27705891764329427	0.27479538216162436	0	0.26460206193814184	0.29279828806847724	0.36833210837620683	0.19473221071157154	0.36077237296694614	0.10294588216471341
C31/C17d-C21-C31a-C21ac-C31.9	179186	0.2778616641500755	0.15004124896877577	1.0	0.4615180772288416	0.21253362399128026	0.24010899727506813	0.26460206193814184	0	0.20270391888243353	0.23330916727081824	0.3614791556253312	0.17107072323191921	0.27220183394498165
C17d/C31-C21-C21ac-C17e-C17f-C31.9	179282	0.4155633774649014	0.08787192448264311	1.0	0.4809529761755956	0.16033358665653374	0.0679026234081807	0.29279828806847724	0.20270391888243353	0	0.2612558560450384	0.42221311147554097	0.22194723184688536	0.32717691292348305
C31/C17d/C21-C31.9-C31.5-C21ac-C31a-C17f	179284	0.405120820771273	0.257382278531644	1.0	0.621577568448631	0.3904013359532416	0.3274601761947142	0.36833210837620683	0.23330916727081824	0.2612558560450384	0	0.493027744028959	0.3046408607741768	0.38998135065272715
C31-C17d-C31.1-C31a-C21-C17e-C31f-C31l	179483	0.09866605335786569	0.4661186858459954	1.0	0.5496012599685007	0.3848646054157834	0.4037908673196438	0.19473221071157154	0.3614791556253312	0.42221311147554097	0.493027744028959	0	0.4697185598504052	0.1030458781648734
C31/C17d-C21-C31.9-C21ac-C31i-C31h	179196	0.3818116365927193	0.1815045548633541	1.0	0.48441031179376415	0.2515861944831931	0.2669119926402208	0.36077237296694614	0.17107072323191921	0.22194723184688536	0.3046408607741768	0.4697185598504052	0	0.3666721664741734
C31/C17d-C31.1-C21-C31a-C31f-C21ac-C17e	179487	0.09136634534618615	0.36512222072227474	1.0	0.5473313167170821	0.2918783248670053	0.30875419360322387	0.10294588216471341	0.27220183394498165	0.32717691292348305	0.38998135065272715	0.1030458781648734	0.3666721664741734	0
