18
32         0.0000000 0.0196840 0.0078546 0.0196894 0.0078546 0.0154321 0.0196840 0.0000010 0.0039197 0.0039234 0.0196574 0.0156841 0.0196385 0.0196433 0.0196574 0.0157979 0.0117863 0.0196894 
70849      0.0196840 0.0000000 0.0117201 0.0077467 0.0118180 0.0358186 0.0077445 0.0118266 0.0077983 0.0158111 0.0077343 0.0038560 0.0077270 0.0077288 0.0077343 0.0077897 0.0038747 0.0077467 
70818      0.0078546 0.0117201 0.0000000 0.0117234 0.0078490 0.0238204 0.0117201 0.0078546 0.0038846 0.0118134 0.0117044 0.0077823 0.0116932 0.0116960 0.0117044 0.0117346 0.0077823 0.0117234 
70819      0.0196894 0.0077467 0.0117234 0.0000000 0.0118214 0.0358280 0.0077467 0.0118300 0.0078005 0.0158156 0.0077365 0.0038581 0.0077292 0.0077310 0.0077365 0.0077919 0.0038758 0.0077489 
70820      0.0078546 0.0118180 0.0078490 0.0118214 0.0000000 0.0238204 0.0118180 0.0078546 0.0039165 0.0118134 0.0118021 0.0078471 0.0117908 0.0117935 0.0118021 0.0118328 0.0078471 0.0118214 
517        0.0154321 0.0358186 0.0238204 0.0358280 0.0238204 0.0000000 0.0358186 0.0158218 0.0198113 0.0198305 0.0357691 0.0317091 0.0357341 0.0357434 0.0357691 0.0319420 0.0278008 0.0358280 
471943     0.0196840 0.0077445 0.0117201 0.0077467 0.0118180 0.0358186 0.0000000 0.0118266 0.0077983 0.0158111 0.0077343 0.0038560 0.0077270 0.0077288 0.0077343 0.0077897 0.0038747 0.0077467 
41         0.0000010 0.0118266 0.0078546 0.0118300 0.0078546 0.0158218 0.0118266 0.0000000 0.0039197 0.0039234 0.0118113 0.0078535 0.0117993 0.0118021 0.0118113 0.0118413 0.0078535 0.0118300 
49066      0.0039197 0.0077983 0.0038846 0.0078005 0.0039165 0.0198113 0.0077983 0.0039197 0.0000000 0.0078603 0.0077879 0.0038837 0.0077805 0.0077823 0.0077879 0.0078079 0.0038837 0.0078005 
38924      0.0039234 0.0158111 0.0118134 0.0158156 0.0118134 0.0198305 0.0158111 0.0039234 0.0078603 0.0000000 0.0157901 0.0118113 0.0157744 0.0157782 0.0157901 0.0158308 0.0118113 0.0158156 
70829      0.0196574 0.0077343 0.0117044 0.0077365 0.0118021 0.0357691 0.0077343 0.0118113 0.0077879 0.0157901 0.0000000 0.0038519 0.0077168 0.0077186 0.0077241 0.0077794 0.0038696 0.0077365 
62831      0.0156841 0.0038560 0.0077823 0.0038581 0.0078471 0.0317091 0.0038560 0.0078535 0.0038837 0.0118113 0.0038519 0.0000000 0.0038483 0.0038492 0.0038519 0.0038794 0.0000010 0.0038581 
70991      0.0196385 0.0077270 0.0116932 0.0077292 0.0117908 0.0357341 0.0077270 0.0117993 0.0077805 0.0157744 0.0077168 0.0038483 0.0000000 0.0077113 0.0077168 0.0077720 0.0038659 0.0077292 
62833      0.0196433 0.0077288 0.0116960 0.0077310 0.0117935 0.0357434 0.0077288 0.0118021 0.0077823 0.0157782 0.0077186 0.0038492 0.0077113 0.0000000 0.0077186 0.0077738 0.0038668 0.0077310 
62834      0.0196574 0.0077343 0.0117044 0.0077365 0.0118021 0.0357691 0.0077343 0.0118113 0.0077879 0.0157901 0.0077241 0.0038519 0.0077168 0.0077186 0.0000000 0.0077794 0.0038696 0.0077365 
62836      0.0157979 0.0077897 0.0117346 0.0077919 0.0118328 0.0319420 0.0077897 0.0118413 0.0078079 0.0158308 0.0077794 0.0038794 0.0077720 0.0077738 0.0077794 0.0000000 0.0038794 0.0077919 
62837      0.0117863 0.0038747 0.0077823 0.0038758 0.0078471 0.0278008 0.0038747 0.0078535 0.0038837 0.0118113 0.0038696 0.0000010 0.0038659 0.0038668 0.0038696 0.0038794 0.0000000 0.0038758 
70842      0.0196894 0.0077467 0.0117234 0.0077489 0.0118214 0.0358280 0.0077467 0.0118300 0.0078005 0.0158156 0.0077365 0.0038581 0.0077292 0.0077310 0.0077365 0.0077919 0.0038758 0.0000000 
