8
933        0.0000000 0.0195307 0.0155746 0.0077379 0.0038567 0.0235136 0.0077379 0.0077379 
1768       0.0195307 0.0000000 0.0274230 0.0194625 0.0155204 0.0038435 0.0194625 0.0194625 
1674       0.0155746 0.0274230 0.0000000 0.0077112 0.0116034 0.0234299 0.0077112 0.0155204 
853        0.0077379 0.0194625 0.0077112 0.0000000 0.0038435 0.0155204 0.0000010 0.0077112 
854        0.0038567 0.0155204 0.0116034 0.0038435 0.0000000 0.0194625 0.0038435 0.0038435 
2582       0.0235136 0.0038435 0.0234299 0.0155204 0.0194625 0.0000000 0.0155204 0.0234299 
70902      0.0077379 0.0194625 0.0077112 0.0000010 0.0038435 0.0155204 0.0000000 0.0077112 
1660       0.0077379 0.0194625 0.0155204 0.0077112 0.0038435 0.0234299 0.0077112 0.0000000 
